#          k/h    CDM            baryon         photon         nu             mass_nu        total          no_nu          total_de       Weyl           v_CDM          v_b            v_b-v_c     
   0.742708E-04   0.197864E+08   0.197864E+08   0.256845E+08   0.256834E+08   0.197867E+08   0.197864E+08   0.197864E+08   0.197929E+08  -0.473083E+00   0.104464E+08   0.104464E+08   0.413766E-01
   0.103653E-03   0.197852E+08   0.197852E+08   0.250376E+08   0.250357E+08   0.197837E+08   0.197852E+08   0.197852E+08   0.197915E+08  -0.473047E+00   0.104458E+08   0.104458E+08   0.576763E-01
   0.144660E-03   0.197829E+08   0.197829E+08   0.238202E+08   0.238167E+08   0.197778E+08   0.197828E+08   0.197829E+08   0.197888E+08  -0.472978E+00   0.104446E+08   0.104446E+08   0.803076E-01
   0.201889E-03   0.197784E+08   0.197784E+08   0.216035E+08   0.215975E+08   0.197665E+08   0.197783E+08   0.197784E+08   0.197838E+08  -0.472845E+00   0.104421E+08   0.104421E+08   0.111584E+00
   0.281759E-03   0.197698E+08   0.197698E+08   0.178215E+08   0.178125E+08   0.197446E+08   0.197697E+08   0.197698E+08   0.197742E+08  -0.472595E+00   0.104375E+08   0.104375E+08   0.154445E+00
   0.393226E-03   0.197535E+08   0.197535E+08   0.121606E+08   0.121508E+08   0.197025E+08   0.197533E+08   0.197535E+08   0.197564E+08  -0.472133E+00   0.104288E+08   0.104288E+08   0.212348E+00
   0.548791E-03   0.197235E+08   0.197235E+08   0.570334E+07   0.569982E+07   0.196231E+08   0.197230E+08   0.197235E+08   0.197245E+08  -0.471317E+00   0.104126E+08   0.104126E+08   0.288972E+00
   0.765900E-03   0.196698E+08   0.196697E+08   0.167506E+07   0.167950E+07   0.194759E+08   0.196689E+08   0.196698E+08   0.196693E+08  -0.469942E+00   0.103836E+08   0.103836E+08   0.388240E+00
   0.106890E-02   0.195779E+08   0.195777E+08   0.938333E+06   0.934416E+06   0.192117E+08   0.195762E+08   0.195778E+08   0.195764E+08  -0.467689E+00   0.103343E+08   0.103343E+08   0.515810E+00
   0.149177E-02   0.194262E+08   0.194260E+08   0.231587E+06   0.223402E+06   0.187593E+08   0.194232E+08   0.194262E+08   0.194232E+08  -0.464017E+00   0.102534E+08   0.102534E+08   0.680160E+00
   0.208193E-02   0.191840E+08   0.191836E+08  -0.106689E+06  -0.106689E+06   0.180454E+08   0.191788E+08   0.191840E+08   0.191788E+08  -0.458170E+00   0.101246E+08   0.101246E+08   0.891355E+00
   0.290557E-02   0.188108E+08   0.188099E+08  -0.537118E+05  -0.537120E+05   0.170248E+08   0.188026E+08   0.188107E+08   0.188026E+08  -0.449179E+00   0.992622E+07   0.992622E+07   0.116185E+01
   0.405505E-02   0.182593E+08   0.182576E+08  -0.267742E+05  -0.267743E+05   0.156825E+08   0.182475E+08   0.182591E+08   0.182474E+08  -0.435915E+00   0.963362E+07   0.963360E+07   0.150625E+01
   0.419250E-02   0.181925E+08   0.181906E+08  -0.249566E+05  -0.249567E+05   0.155294E+08   0.181802E+08   0.181922E+08   0.181802E+08  -0.434308E+00   0.959816E+07   0.959814E+07   0.154536E+01
   0.433460E-02   0.181233E+08   0.181213E+08  -0.232592E+05  -0.232592E+05   0.153728E+08   0.181106E+08   0.181230E+08   0.181106E+08  -0.432645E+00   0.956148E+07   0.956146E+07   0.158538E+01
   0.448152E-02   0.180517E+08   0.180496E+08  -0.216741E+05  -0.216741E+05   0.152122E+08   0.180386E+08   0.180514E+08   0.180386E+08  -0.430925E+00   0.952354E+07   0.952352E+07   0.162633E+01
   0.463343E-02   0.179777E+08   0.179754E+08  -0.201939E+05  -0.201940E+05   0.150484E+08   0.179642E+08   0.179774E+08   0.179642E+08  -0.429147E+00   0.948432E+07   0.948429E+07   0.166822E+01
   0.479048E-02   0.179013E+08   0.178988E+08  -0.188120E+05  -0.188121E+05   0.148811E+08   0.178873E+08   0.179009E+08   0.178872E+08  -0.427310E+00   0.944378E+07   0.944375E+07   0.171106E+01
   0.495285E-02   0.178222E+08   0.178196E+08  -0.175219E+05  -0.175219E+05   0.147103E+08   0.178078E+08   0.178218E+08   0.178078E+08  -0.425412E+00   0.940190E+07   0.940188E+07   0.175487E+01
   0.512073E-02   0.177406E+08   0.177378E+08  -0.163176E+05  -0.163176E+05   0.145360E+08   0.177258E+08   0.177402E+08   0.177258E+08  -0.423452E+00   0.935866E+07   0.935864E+07   0.179966E+01
   0.529430E-02   0.176564E+08   0.176534E+08  -0.151935E+05  -0.151935E+05   0.143582E+08   0.176411E+08   0.176560E+08   0.176411E+08  -0.421429E+00   0.931404E+07   0.931401E+07   0.184543E+01
   0.547375E-02   0.175695E+08   0.175663E+08  -0.141444E+05  -0.141444E+05   0.141769E+08   0.175537E+08   0.175690E+08   0.175537E+08  -0.419342E+00   0.926799E+07   0.926796E+07   0.189220E+01
   0.565928E-02   0.174799E+08   0.174765E+08  -0.131654E+05  -0.131654E+05   0.139920E+08   0.174636E+08   0.174793E+08   0.174636E+08  -0.417189E+00   0.922050E+07   0.922046E+07   0.193998E+01
   0.585110E-02   0.173874E+08   0.173838E+08  -0.122519E+05  -0.122519E+05   0.138035E+08   0.173707E+08   0.173869E+08   0.173707E+08  -0.414970E+00   0.917153E+07   0.917150E+07   0.198876E+01
   0.604942E-02   0.172926E+08   0.172888E+08  -0.113999E+05  -0.114000E+05   0.135899E+08   0.172753E+08   0.172920E+08   0.172753E+08  -0.412691E+00   0.912126E+07   0.912122E+07   0.203856E+01
   0.625447E-02   0.171944E+08   0.171904E+08  -0.106048E+05  -0.106049E+05   0.133908E+08   0.171766E+08   0.171938E+08   0.171766E+08  -0.410334E+00   0.906926E+07   0.906922E+07   0.208938E+01
   0.646647E-02   0.170933E+08   0.170890E+08  -0.986318E+04  -0.986321E+04   0.131876E+08   0.170750E+08   0.170926E+08   0.170750E+08  -0.407906E+00   0.901569E+07   0.901565E+07   0.214121E+01
   0.668565E-02   0.169892E+08   0.169846E+08  -0.917148E+04  -0.917151E+04   0.129804E+08   0.169704E+08   0.169885E+08   0.169704E+08  -0.405406E+00   0.896055E+07   0.896050E+07   0.219405E+01
   0.691226E-02   0.168820E+08   0.168771E+08  -0.852644E+04  -0.852647E+04   0.127694E+08   0.168627E+08   0.168812E+08   0.168627E+08  -0.402834E+00   0.890379E+07   0.890374E+07   0.224789E+01
   0.714655E-02   0.167717E+08   0.167665E+08  -0.792500E+04  -0.792503E+04   0.125548E+08   0.167519E+08   0.167709E+08   0.167519E+08  -0.400187E+00   0.884538E+07   0.884533E+07   0.230273E+01
   0.738878E-02   0.166583E+08   0.166528E+08  -0.736428E+04  -0.736431E+04   0.123369E+08   0.166380E+08   0.166574E+08   0.166380E+08  -0.397465E+00   0.878531E+07   0.878526E+07   0.235855E+01
   0.763923E-02   0.165417E+08   0.165358E+08  -0.684160E+04  -0.684162E+04   0.121162E+08   0.165208E+08   0.165407E+08   0.165208E+08  -0.394665E+00   0.872355E+07   0.872349E+07   0.241533E+01
   0.789816E-02   0.164215E+08   0.164152E+08  -0.635435E+04  -0.635437E+04   0.118929E+08   0.164001E+08   0.164205E+08   0.164001E+08  -0.391783E+00   0.865993E+07   0.865987E+07   0.247305E+01
   0.816587E-02   0.162983E+08   0.162916E+08  -0.590039E+04  -0.590040E+04   0.116678E+08   0.162764E+08   0.162972E+08   0.162764E+08  -0.388826E+00   0.859469E+07   0.859462E+07   0.253168E+01
   0.844265E-02   0.161717E+08   0.161646E+08  -0.547741E+04  -0.547742E+04   0.114408E+08   0.161492E+08   0.161706E+08   0.161492E+08  -0.385789E+00   0.852767E+07   0.852761E+07   0.259117E+01
   0.872882E-02   0.160417E+08   0.160341E+08  -0.508337E+04  -0.508338E+04   0.112120E+08   0.160187E+08   0.160405E+08   0.160187E+08  -0.382672E+00   0.845886E+07   0.845879E+07   0.265150E+01
   0.902468E-02   0.159082E+08   0.159002E+08  -0.471636E+04  -0.471637E+04   0.109815E+08   0.158848E+08   0.159070E+08   0.158848E+08  -0.379471E+00   0.838823E+07   0.838816E+07   0.271261E+01
   0.933057E-02   0.157713E+08   0.157628E+08  -0.437457E+04  -0.437459E+04   0.107490E+08   0.157473E+08   0.157699E+08   0.157473E+08  -0.376187E+00   0.831575E+07   0.831568E+07   0.277444E+01
   0.964683E-02   0.156309E+08   0.156218E+08  -0.405637E+04  -0.405638E+04   0.105145E+08   0.156064E+08   0.156294E+08   0.156064E+08  -0.372821E+00   0.824145E+07   0.824137E+07   0.283693E+01
   0.997381E-02   0.154868E+08   0.154772E+08  -0.376012E+04  -0.376013E+04   0.102779E+08   0.154618E+08   0.154853E+08   0.154618E+08  -0.369367E+00   0.816521E+07   0.816513E+07   0.290000E+01
   0.103119E-01   0.153390E+08   0.153289E+08  -0.348438E+04  -0.348439E+04   0.100394E+08   0.153136E+08   0.153374E+08   0.153136E+08  -0.365826E+00   0.808705E+07   0.808696E+07   0.296357E+01
   0.106614E-01   0.151876E+08   0.151769E+08  -0.322779E+04  -0.322780E+04   0.979910E+07   0.151617E+08   0.151859E+08   0.151617E+08  -0.362197E+00   0.800695E+07   0.800685E+07   0.302753E+01
   0.110228E-01   0.150325E+08   0.150211E+08  -0.298906E+04  -0.298907E+04   0.955739E+07   0.150060E+08   0.150307E+08   0.150060E+08  -0.358478E+00   0.792487E+07   0.792477E+07   0.309177E+01
   0.113964E-01   0.148735E+08   0.148614E+08  -0.276698E+04  -0.276699E+04   0.931454E+07   0.148465E+08   0.148716E+08   0.148465E+08  -0.354669E+00   0.784078E+07   0.784067E+07   0.315618E+01
   0.117827E-01   0.147107E+08   0.146979E+08  -0.256045E+04  -0.256046E+04   0.907088E+07   0.146833E+08   0.147087E+08   0.146833E+08  -0.350769E+00   0.775468E+07   0.775456E+07   0.322061E+01
   0.121820E-01   0.145441E+08   0.145305E+08  -0.236843E+04  -0.236843E+04   0.882622E+07   0.145162E+08   0.145419E+08   0.145162E+08  -0.346777E+00   0.766654E+07   0.766642E+07   0.328491E+01
   0.125950E-01   0.143735E+08   0.143592E+08  -0.218992E+04  -0.218992E+04   0.858191E+07   0.143452E+08   0.143712E+08   0.143452E+08  -0.342691E+00   0.757634E+07   0.757622E+07   0.334891E+01
   0.130219E-01   0.141990E+08   0.141839E+08  -0.202402E+04  -0.202403E+04   0.833772E+07   0.141702E+08   0.141966E+08   0.141702E+08  -0.338512E+00   0.748407E+07   0.748394E+07   0.341241E+01
   0.134632E-01   0.140205E+08   0.140045E+08  -0.186988E+04  -0.186988E+04   0.809382E+07   0.139913E+08   0.140180E+08   0.139913E+08  -0.334238E+00   0.738970E+07   0.738956E+07   0.347522E+01
   0.139196E-01   0.138380E+08   0.138211E+08  -0.172670E+04  -0.172670E+04   0.785028E+07   0.138084E+08   0.138354E+08   0.138084E+08  -0.329868E+00   0.729322E+07   0.729307E+07   0.353709E+01
   0.143914E-01   0.136515E+08   0.136337E+08  -0.159374E+04  -0.159374E+04   0.760707E+07   0.136215E+08   0.136487E+08   0.136215E+08  -0.325403E+00   0.719461E+07   0.719446E+07   0.359779E+01
   0.148792E-01   0.134609E+08   0.134422E+08  -0.147030E+04  -0.147031E+04   0.736426E+07   0.134305E+08   0.134580E+08   0.134305E+08  -0.320841E+00   0.709388E+07   0.709372E+07   0.365704E+01
   0.153835E-01   0.132663E+08   0.132465E+08  -0.135574E+04  -0.135574E+04   0.712214E+07   0.132355E+08   0.132632E+08   0.132355E+08  -0.316183E+00   0.699101E+07   0.699084E+07   0.371454E+01
   0.159049E-01   0.130676E+08   0.130468E+08  -0.124945E+04  -0.124945E+04   0.688119E+07   0.130365E+08   0.130644E+08   0.130365E+08  -0.311429E+00   0.688601E+07   0.688583E+07   0.376997E+01
   0.164440E-01   0.128649E+08   0.128430E+08  -0.115087E+04  -0.115087E+04   0.664189E+07   0.128334E+08   0.128615E+08   0.128334E+08  -0.306578E+00   0.677888E+07   0.677869E+07   0.382299E+01
   0.170014E-01   0.126582E+08   0.126351E+08  -0.105946E+04  -0.105946E+04   0.640456E+07   0.126264E+08   0.126546E+08   0.126264E+08  -0.301631E+00   0.666963E+07   0.666943E+07   0.387322E+01
   0.175777E-01   0.124474E+08   0.124232E+08  -0.974742E+03  -0.974745E+03   0.616934E+07   0.124154E+08   0.124436E+08   0.124154E+08  -0.296590E+00   0.655828E+07   0.655808E+07   0.392028E+01
   0.181735E-01   0.122328E+08   0.122074E+08  -0.896254E+03  -0.896257E+03   0.593633E+07   0.122004E+08   0.122288E+08   0.122004E+08  -0.291456E+00   0.644486E+07   0.644465E+07   0.396372E+01
   0.187895E-01   0.120142E+08   0.119876E+08  -0.823567E+03  -0.823570E+03   0.570572E+07   0.119816E+08   0.120101E+08   0.119816E+08  -0.286229E+00   0.632941E+07   0.632919E+07   0.400311E+01
   0.194263E-01   0.117919E+08   0.117641E+08  -0.756283E+03  -0.756285E+03   0.547778E+07   0.117591E+08   0.117875E+08   0.117591E+08  -0.280913E+00   0.621197E+07   0.621174E+07   0.403796E+01
   0.200848E-01   0.115659E+08   0.115368E+08  -0.694028E+03  -0.694030E+03   0.525284E+07   0.115329E+08   0.115614E+08   0.115329E+08  -0.275509E+00   0.609260E+07   0.609236E+07   0.406778E+01
   0.207656E-01   0.113364E+08   0.113060E+08  -0.636455E+03  -0.636457E+03   0.503127E+07   0.113032E+08   0.113316E+08   0.113032E+08  -0.270022E+00   0.597137E+07   0.597112E+07   0.409204E+01
   0.214694E-01   0.111035E+08   0.110718E+08  -0.583242E+03  -0.583243E+03   0.481339E+07   0.110702E+08   0.110985E+08   0.110702E+08  -0.264455E+00   0.584836E+07   0.584810E+07   0.411021E+01
   0.221971E-01   0.108674E+08   0.108344E+08  -0.534085E+03  -0.534086E+03   0.459933E+07   0.108340E+08   0.108622E+08   0.108340E+08  -0.258812E+00   0.572369E+07   0.572341E+07   0.412172E+01
   0.229495E-01   0.106283E+08   0.105940E+08  -0.488704E+03  -0.488705E+03   0.438922E+07   0.105948E+08   0.106229E+08   0.105948E+08  -0.253099E+00   0.559745E+07   0.559717E+07   0.412601E+01
   0.237274E-01   0.103865E+08   0.103510E+08  -0.446836E+03  -0.446837E+03   0.418339E+07   0.103530E+08   0.103809E+08   0.103530E+08  -0.247322E+00   0.546980E+07   0.546951E+07   0.412249E+01
   0.245316E-01   0.101423E+08   0.101055E+08  -0.408236E+03  -0.408237E+03   0.398222E+07   0.101088E+08   0.101365E+08   0.101088E+08  -0.241489E+00   0.534090E+07   0.534059E+07   0.411059E+01
   0.253631E-01   0.989606E+07   0.985806E+07  -0.372676E+03  -0.372677E+03   0.378594E+07   0.986258E+07   0.989009E+07   0.986258E+07  -0.235607E+00   0.521091E+07   0.521060E+07   0.408973E+01
   0.262228E-01   0.964812E+07   0.960894E+07  -0.339943E+03  -0.339944E+03   0.359469E+07   0.961471E+07   0.964196E+07   0.961471E+07  -0.229685E+00   0.508004E+07   0.507972E+07   0.405937E+01
   0.271116E-01   0.939892E+07   0.935863E+07  -0.309839E+03  -0.309840E+03   0.340866E+07   0.936562E+07   0.939259E+07   0.936562E+07  -0.223735E+00   0.494853E+07   0.494821E+07   0.401897E+01
   0.280306E-01   0.914894E+07   0.910761E+07  -0.282178E+03  -0.282179E+03   0.322807E+07   0.911579E+07   0.914245E+07   0.911579E+07  -0.217767E+00   0.481662E+07   0.481629E+07   0.396804E+01
   0.289807E-01   0.889871E+07   0.885642E+07  -0.256787E+03  -0.256788E+03   0.305323E+07   0.886575E+07   0.889207E+07   0.886575E+07  -0.211794E+00   0.468460E+07   0.468426E+07   0.390613E+01
   0.299630E-01   0.864881E+07   0.860567E+07  -0.233505E+03  -0.233505E+03   0.288428E+07   0.861608E+07   0.864204E+07   0.861608E+07  -0.205829E+00   0.455277E+07   0.455242E+07   0.383289E+01
   0.309786E-01   0.839987E+07   0.835599E+07  -0.212180E+03  -0.212181E+03   0.272128E+07   0.836741E+07   0.839297E+07   0.836741E+07  -0.199889E+00   0.442145E+07   0.442110E+07   0.374801E+01
   0.320286E-01   0.815254E+07   0.810807E+07  -0.192672E+03  -0.192672E+03   0.256448E+07   0.812040E+07   0.814556E+07   0.812040E+07  -0.193988E+00   0.429101E+07   0.429066E+07   0.365130E+01
   0.331142E-01   0.790755E+07   0.786264E+07  -0.174848E+03  -0.174848E+03   0.241403E+07   0.787577E+07   0.790049E+07   0.787577E+07  -0.188144E+00   0.416182E+07   0.416147E+07   0.354270E+01
   0.342366E-01   0.766564E+07   0.762046E+07  -0.158584E+03  -0.158584E+03   0.227001E+07   0.763425E+07   0.765854E+07   0.763425E+07  -0.182374E+00   0.403427E+07   0.403392E+07   0.342228E+01
   0.353971E-01   0.742758E+07   0.738231E+07  -0.143764E+03  -0.143765E+03   0.213247E+07   0.739663E+07   0.742047E+07   0.739663E+07  -0.176698E+00   0.390877E+07   0.390842E+07   0.329025E+01
   0.365969E-01   0.719414E+07   0.714899E+07  -0.130280E+03  -0.130280E+03   0.200153E+07   0.716368E+07   0.718705E+07   0.716368E+07  -0.171133E+00   0.378574E+07   0.378539E+07   0.314704E+01
   0.378373E-01   0.696523E+07   0.692041E+07  -0.118013E+03  -0.118013E+03   0.187695E+07   0.693529E+07   0.695819E+07   0.693529E+07  -0.165677E+00   0.366511E+07   0.366477E+07   0.299334E+01
   0.391198E-01   0.674161E+07   0.669735E+07  -0.106869E+03  -0.106869E+03   0.175871E+07   0.671223E+07   0.673465E+07   0.671223E+07  -0.160348E+00   0.354729E+07   0.354696E+07   0.282998E+01
   0.404458E-01   0.652484E+07   0.648137E+07  -0.967733E+02  -0.967736E+02   0.164704E+07   0.649606E+07   0.651801E+07   0.649606E+07  -0.155184E+00   0.343311E+07   0.343278E+07   0.265790E+01
   0.418167E-01   0.631576E+07   0.627333E+07  -0.876416E+02  -0.876418E+02   0.154190E+07   0.628761E+07   0.630910E+07   0.628761E+07  -0.150204E+00   0.332300E+07   0.332269E+07   0.247840E+01
   0.432341E-01   0.611507E+07   0.607391E+07  -0.793937E+02  -0.793940E+02   0.144314E+07   0.608758E+07   0.610861E+07   0.608758E+07  -0.145426E+00   0.321734E+07   0.321704E+07   0.229300E+01
   0.446995E-01   0.592324E+07   0.588359E+07  -0.719526E+02  -0.719528E+02   0.135065E+07   0.589643E+07   0.591701E+07   0.589643E+07  -0.140860E+00   0.311637E+07   0.311609E+07   0.210348E+01
   0.462146E-01   0.574051E+07   0.570257E+07  -0.652442E+02  -0.652444E+02   0.126414E+07   0.571440E+07   0.573455E+07   0.571440E+07  -0.136511E+00   0.302021E+07   0.301994E+07   0.191186E+01
   0.477811E-01   0.556683E+07   0.553082E+07  -0.591979E+02  -0.591981E+02   0.118333E+07   0.554144E+07   0.556117E+07   0.554144E+07  -0.132379E+00   0.292884E+07   0.292859E+07   0.172038E+01
   0.494006E-01   0.540192E+07   0.536801E+07  -0.537471E+02  -0.537473E+02   0.110790E+07   0.537726E+07   0.539659E+07   0.537726E+07  -0.128457E+00   0.284211E+07   0.284188E+07   0.153145E+01
   0.510751E-01   0.524525E+07   0.521358E+07  -0.488298E+02  -0.488299E+02   0.103743E+07   0.522134E+07   0.524028E+07   0.522134E+07  -0.124732E+00   0.275974E+07   0.275953E+07   0.134763E+01
   0.528063E-01   0.509615E+07   0.506682E+07  -0.443888E+02  -0.443889E+02   0.971586E+06   0.507297E+07   0.509154E+07   0.507297E+07  -0.121188E+00   0.268136E+07   0.268117E+07   0.117150E+01
   0.545961E-01   0.495384E+07   0.492690E+07  -0.403726E+02  -0.403727E+02   0.909946E+06   0.493140E+07   0.494961E+07   0.493140E+07  -0.117806E+00   0.260657E+07   0.260640E+07   0.100568E+01
   0.564467E-01   0.481745E+07   0.479290E+07  -0.367347E+02  -0.367348E+02   0.852172E+06   0.479574E+07   0.481359E+07   0.479574E+07  -0.114565E+00   0.253490E+07   0.253475E+07   0.852640E+00
   0.583599E-01   0.468609E+07   0.466387E+07  -0.334337E+02  -0.334338E+02   0.797909E+06   0.466510E+07   0.468260E+07   0.466510E+07  -0.111444E+00   0.246587E+07   0.246575E+07   0.714655E+00
   0.611107E-01   0.451524E+07   0.449602E+07  -0.293860E+02  -0.293861E+02   0.728794E+06   0.449517E+07   0.451222E+07   0.449517E+07  -0.107385E+00   0.237610E+07   0.237599E+07   0.552004E+00
   0.638615E-01   0.435325E+07   0.433653E+07  -0.259486E+02  -0.259486E+02   0.667085E+06   0.433402E+07   0.435062E+07   0.433402E+07  -0.103535E+00   0.229095E+07   0.229087E+07   0.430638E+00
   0.666123E-01   0.419920E+07   0.418442E+07  -0.230096E+02  -0.230097E+02   0.611789E+06   0.418072E+07   0.419688E+07   0.418072E+07  -0.998731E-01   0.220996E+07   0.220989E+07   0.346981E+00
   0.693630E-01   0.404896E+07   0.403552E+07  -0.204645E+02  -0.204646E+02   0.561613E+06   0.403114E+07   0.404685E+07   0.403114E+07  -0.962998E-01   0.213092E+07   0.213086E+07   0.296339E+00
   0.721138E-01   0.389989E+07   0.388724E+07  -0.182382E+02  -0.182383E+02   0.515654E+06   0.388266E+07   0.389790E+07   0.388266E+07  -0.927526E-01   0.205246E+07   0.205240E+07   0.273102E+00
   0.748646E-01   0.375068E+07   0.373831E+07  -0.162767E+02  -0.162768E+02   0.473320E+06   0.373397E+07   0.374874E+07   0.373397E+07  -0.892007E-01   0.197389E+07   0.197383E+07   0.271161E+00
   0.776154E-01   0.360137E+07   0.358886E+07  -0.145417E+02  -0.145417E+02   0.434262E+06   0.358514E+07   0.359941E+07   0.358514E+07  -0.856453E-01   0.189524E+07   0.189517E+07   0.284300E+00
   0.803661E-01   0.345301E+07   0.344004E+07  -0.130052E+02  -0.130052E+02   0.398286E+06   0.343721E+07   0.345097E+07   0.343721E+07  -0.821114E-01   0.181706E+07   0.181699E+07   0.306582E+00
   0.831169E-01   0.330721E+07   0.329358E+07  -0.116457E+02  -0.116457E+02   0.365280E+06   0.329182E+07   0.330507E+07   0.329182E+07  -0.786381E-01   0.174022E+07   0.174014E+07   0.332645E+00
   0.858677E-01   0.316573E+07   0.315134E+07  -0.104449E+02  -0.104450E+02   0.335148E+06   0.315072E+07   0.316347E+07   0.315072E+07  -0.752674E-01   0.166565E+07   0.166555E+07   0.357936E+00
   0.886184E-01   0.303016E+07   0.301505E+07  -0.938678E+01  -0.938681E+01   0.307781E+06   0.301553E+07   0.302779E+07   0.301553E+07  -0.720378E-01   0.159419E+07   0.159409E+07   0.378867E+00
   0.913692E-01   0.290185E+07   0.288611E+07  -0.845629E+01  -0.845632E+01   0.283052E+06   0.288758E+07   0.289938E+07   0.288758E+07  -0.689814E-01   0.152657E+07   0.152646E+07   0.392873E+00
   0.941200E-01   0.278186E+07   0.276568E+07  -0.763982E+01  -0.763984E+01   0.260808E+06   0.276797E+07   0.277932E+07   0.276797E+07  -0.661239E-01   0.146335E+07   0.146324E+07   0.398413E+00
   0.968708E-01   0.267104E+07   0.265465E+07  -0.692491E+01  -0.692493E+01   0.240895E+06   0.265752E+07   0.266846E+07   0.265752E+07  -0.634854E-01   0.140497E+07   0.140485E+07   0.394901E+00
   0.996215E-01   0.256995E+07   0.255363E+07  -0.630016E+01  -0.630018E+01   0.223148E+06   0.255682E+07   0.256739E+07   0.255682E+07  -0.610798E-01   0.135174E+07   0.135163E+07   0.382587E+00
   0.102372E+00   0.247888E+07   0.246289E+07  -0.575495E+01  -0.575497E+01   0.207387E+06   0.246614E+07   0.247637E+07   0.246614E+07  -0.589136E-01   0.130381E+07   0.130370E+07   0.362412E+00
   0.105123E+00   0.239770E+07   0.238228E+07  -0.527927E+01  -0.527928E+01   0.193423E+06   0.238536E+07   0.239528E+07   0.238536E+07  -0.569837E-01   0.126111E+07   0.126101E+07   0.335835E+00
   0.107874E+00   0.232586E+07   0.231123E+07  -0.486357E+01  -0.486358E+01   0.181050E+06   0.231391E+07   0.232356E+07   0.231391E+07  -0.552768E-01   0.122334E+07   0.122324E+07   0.304651E+00
   0.110625E+00   0.226242E+07   0.224873E+07  -0.449890E+01  -0.449892E+01   0.170056E+06   0.225085E+07   0.226027E+07   0.225085E+07  -0.537703E-01   0.119001E+07   0.118992E+07   0.270814E+00
   0.113375E+00   0.220612E+07   0.219349E+07  -0.417703E+01  -0.417704E+01   0.160228E+06   0.219492E+07   0.220414E+07   0.219492E+07  -0.524344E-01   0.116045E+07   0.116037E+07   0.236271E+00
   0.116126E+00   0.215555E+07   0.214401E+07  -0.389056E+01  -0.389057E+01   0.151368E+06   0.214471E+07   0.215373E+07   0.214471E+07  -0.512348E-01   0.113391E+07   0.113384E+07   0.202819E+00
   0.118877E+00   0.210918E+07   0.209872E+07  -0.363307E+01  -0.363308E+01   0.143292E+06   0.209869E+07   0.210754E+07   0.209869E+07  -0.501354E-01   0.110958E+07   0.110952E+07   0.171999E+00
   0.121628E+00   0.206554E+07   0.205608E+07  -0.339909E+01  -0.339910E+01   0.135838E+06   0.205536E+07   0.206405E+07   0.205536E+07  -0.491004E-01   0.108668E+07   0.108662E+07   0.145015E+00
   0.124378E+00   0.202322E+07   0.201465E+07  -0.318407E+01  -0.318408E+01   0.128871E+06   0.201334E+07   0.202187E+07   0.201334E+07  -0.480966E-01   0.106447E+07   0.106442E+07   0.122692E+00
   0.127129E+00   0.198103E+07   0.197318E+07  -0.298443E+01  -0.298444E+01   0.122280E+06   0.197142E+07   0.197980E+07   0.197142E+07  -0.470953E-01   0.104231E+07   0.104227E+07   0.105463E+00
   0.129880E+00   0.193804E+07   0.193075E+07  -0.279747E+01  -0.279748E+01   0.115986E+06   0.192868E+07   0.193689E+07   0.192868E+07  -0.460742E-01   0.101972E+07   0.101968E+07   0.933859E-01
   0.132631E+00   0.189367E+07   0.188675E+07  -0.262134E+01  -0.262135E+01   0.109935E+06   0.188454E+07   0.189258E+07   0.188454E+07  -0.450198E-01   0.996382E+06   0.996348E+06   0.861830E-01
   0.135382E+00   0.184772E+07   0.184100E+07  -0.245494E+01  -0.245494E+01   0.104102E+06   0.183881E+07   0.184666E+07   0.183881E+07  -0.439272E-01   0.972204E+06   0.972170E+06   0.832969E-01
   0.138132E+00   0.180033E+07   0.179365E+07  -0.229771E+01  -0.229772E+01   0.984848E+05   0.179162E+07   0.179928E+07   0.179162E+07  -0.427999E-01   0.947259E+06   0.947224E+06   0.839629E-01
   0.140883E+00   0.175191E+07   0.174514E+07  -0.214947E+01  -0.214948E+01   0.930924E+05   0.174338E+07   0.175085E+07   0.174338E+07  -0.416475E-01   0.921757E+06   0.921720E+06   0.872867E-01
   0.143634E+00   0.170301E+07   0.169604E+07  -0.201020E+01  -0.201020E+01   0.879406E+05   0.169464E+07   0.170191E+07   0.169464E+07  -0.404831E-01   0.895990E+06   0.895951E+06   0.923221E-01
   0.146385E+00   0.165420E+07   0.164698E+07  -0.187988E+01  -0.187989E+01   0.830455E+05   0.164599E+07   0.165307E+07   0.164599E+07  -0.393210E-01   0.870275E+06   0.870232E+06   0.981426E-01
   0.149135E+00   0.160610E+07   0.159860E+07  -0.175848E+01  -0.175849E+01   0.784210E+05   0.159804E+07   0.160492E+07   0.159804E+07  -0.381756E-01   0.844926E+06   0.844880E+06   0.103902E+00
   0.151886E+00   0.155927E+07   0.155150E+07  -0.164590E+01  -0.164591E+01   0.740776E+05   0.155136E+07   0.155805E+07   0.155136E+07  -0.370603E-01   0.820247E+06   0.820198E+06   0.108881E+00
   0.154637E+00   0.151426E+07   0.150626E+07  -0.154200E+01  -0.154201E+01   0.700232E+05   0.150650E+07   0.151300E+07   0.150650E+07  -0.359887E-01   0.796531E+06   0.796478E+06   0.112519E+00
   0.157388E+00   0.147160E+07   0.146344E+07  -0.144662E+01  -0.144662E+01   0.662634E+05   0.146399E+07   0.147031E+07   0.146399E+07  -0.349731E-01   0.774056E+06   0.774002E+06   0.114434E+00
   0.160139E+00   0.143175E+07   0.142352E+07  -0.135950E+01  -0.135951E+01   0.627999E+05   0.142429E+07   0.143046E+07   0.142429E+07  -0.340248E-01   0.753071E+06   0.753016E+06   0.114423E+00
   0.162889E+00   0.139506E+07   0.138686E+07  -0.128031E+01  -0.128031E+01   0.596283E+05   0.138776E+07   0.139377E+07   0.138776E+07  -0.331521E-01   0.733757E+06   0.733702E+06   0.112456E+00
   0.165640E+00   0.136171E+07   0.135362E+07  -0.120855E+01  -0.120855E+01   0.567366E+05   0.135456E+07   0.136044E+07   0.135456E+07  -0.323590E-01   0.716205E+06   0.716151E+06   0.108656E+00
   0.168391E+00   0.133164E+07   0.132376E+07  -0.114359E+01  -0.114359E+01   0.541055E+05   0.132465E+07   0.133040E+07   0.132465E+07  -0.316444E-01   0.700390E+06   0.700338E+06   0.103276E+00
   0.171142E+00   0.130461E+07   0.129701E+07  -0.108468E+01  -0.108468E+01   0.517078E+05   0.129777E+07   0.130341E+07   0.129777E+07  -0.310024E-01   0.686182E+06   0.686132E+06   0.966605E-01
   0.173892E+00   0.128022E+07   0.127296E+07  -0.103103E+01  -0.103103E+01   0.495134E+05   0.127353E+07   0.127908E+07   0.127353E+07  -0.304234E-01   0.673368E+06   0.673322E+06   0.892125E-01
   0.176643E+00   0.125796E+07   0.125110E+07  -0.981847E+00  -0.981849E+00   0.474909E+05   0.125143E+07   0.125689E+07   0.125143E+07  -0.298955E-01   0.661684E+06   0.661641E+06   0.813576E-01
   0.179394E+00   0.123735E+07   0.123089E+07  -0.936410E+00  -0.936413E+00   0.456112E+05   0.123097E+07   0.123633E+07   0.123097E+07  -0.294065E-01   0.650864E+06   0.650824E+06   0.735100E-01
   0.182145E+00   0.121788E+07   0.121183E+07  -0.894096E+00  -0.894098E+00   0.438480E+05   0.121165E+07   0.121693E+07   0.121165E+07  -0.289450E-01   0.640649E+06   0.640613E+06   0.660445E-01
   0.184895E+00   0.119913E+07   0.119347E+07  -0.854371E+00  -0.854373E+00   0.421793E+05   0.119303E+07   0.119824E+07   0.119303E+07  -0.285003E-01   0.630807E+06   0.630774E+06   0.592749E-01
   0.187646E+00   0.118070E+07   0.117538E+07  -0.816791E+00  -0.816793E+00   0.405865E+05   0.117473E+07   0.117987E+07   0.117473E+07  -0.280631E-01   0.621131E+06   0.621101E+06   0.534388E-01
   0.190397E+00   0.116225E+07   0.115722E+07  -0.780990E+00  -0.780992E+00   0.390540E+05   0.115640E+07   0.116146E+07   0.115640E+07  -0.276251E-01   0.611439E+06   0.611411E+06   0.486902E-01
   0.193148E+00   0.114348E+07   0.113869E+07  -0.746674E+00  -0.746676E+00   0.375693E+05   0.113775E+07   0.114273E+07   0.113775E+07  -0.271796E-01   0.601579E+06   0.601552E+06   0.450974E-01
   0.195899E+00   0.112420E+07   0.111958E+07  -0.713630E+00  -0.713632E+00   0.361238E+05   0.111857E+07   0.112347E+07   0.111857E+07  -0.267215E-01   0.591441E+06   0.591416E+06   0.426479E-01
   0.198649E+00   0.110429E+07   0.109978E+07  -0.681722E+00  -0.681724E+00   0.347125E+05   0.109876E+07   0.110358E+07   0.109876E+07  -0.262482E-01   0.580966E+06   0.580942E+06   0.412576E-01
   0.201400E+00   0.108374E+07   0.107928E+07  -0.650893E+00  -0.650895E+00   0.333339E+05   0.107831E+07   0.108304E+07   0.107831E+07  -0.257596E-01   0.570153E+06   0.570128E+06   0.407840E-01
   0.204151E+00   0.106266E+07   0.105820E+07  -0.621147E+00  -0.621149E+00   0.319897E+05   0.105731E+07   0.106195E+07   0.105731E+07  -0.252581E-01   0.559053E+06   0.559028E+06   0.410425E-01
   0.206902E+00   0.104121E+07   0.103671E+07  -0.592535E+00  -0.592537E+00   0.306842E+05   0.103595E+07   0.104050E+07   0.103595E+07  -0.247478E-01   0.547760E+06   0.547734E+06   0.418232E-01
   0.209652E+00   0.101964E+07   0.101507E+07  -0.565125E+00  -0.565127E+00   0.294224E+05   0.101446E+07   0.101892E+07   0.101446E+07  -0.242344E-01   0.536396E+06   0.536369E+06   0.429085E-01
   0.212403E+00   0.998179E+06   0.993535E+06  -0.538990E+00  -0.538992E+00   0.282094E+05   0.993081E+06   0.997450E+06   0.993081E+06  -0.237237E-01   0.525094E+06   0.525066E+06   0.440884E-01
   0.215154E+00   0.977088E+06   0.972363E+06  -0.514190E+00  -0.514192E+00   0.270499E+05   0.972067E+06   0.976346E+06   0.972067E+06  -0.232217E-01   0.513984E+06   0.513954E+06   0.451740E-01
   0.217905E+00   0.956593E+06   0.951797E+06  -0.490769E+00  -0.490770E+00   0.259479E+05   0.951648E+06   0.955839E+06   0.951648E+06  -0.227339E-01   0.503188E+06   0.503158E+06   0.460076E-01
   0.226620E+00   0.897694E+06   0.892839E+06  -0.425801E+00  -0.425803E+00   0.228584E+05   0.892992E+06   0.896932E+06   0.892992E+06  -0.213326E-01   0.472176E+06   0.472144E+06   0.458871E-01
   0.235683E+00   0.848543E+06   0.843963E+06  -0.372137E+00  -0.372139E+00   0.202758E+05   0.844094E+06   0.847823E+06   0.844094E+06  -0.201645E-01   0.446322E+06   0.446293E+06   0.410130E-01
   0.245109E+00   0.808308E+06   0.804255E+06  -0.327777E+00  -0.327777E+00   0.181180E+05   0.804112E+06   0.807671E+06   0.804112E+06  -0.192094E-01   0.425183E+06   0.425158E+06   0.334031E-01
   0.254913E+00   0.771392E+06   0.767856E+06  -0.289235E+00  -0.289235E+00   0.162129E+05   0.767435E+06   0.770836E+06   0.767435E+06  -0.183332E-01   0.405790E+06   0.405770E+06   0.267670E-01
   0.265108E+00   0.732313E+06   0.729059E+06  -0.253880E+00  -0.253881E+00   0.144256E+05   0.728569E+06   0.731802E+06   0.728569E+06  -0.174047E-01   0.385240E+06   0.385221E+06   0.235770E-01
   0.275711E+00   0.689677E+06   0.686452E+06  -0.221062E+00  -0.221062E+00   0.127273E+05   0.686121E+06   0.689170E+06   0.686121E+06  -0.163907E-01   0.362797E+06   0.362778E+06   0.233401E-01
   0.286738E+00   0.647095E+06   0.643842E+06  -0.191762E+00  -0.191763E+00   0.111822E+05   0.643720E+06   0.646584E+06   0.643720E+06  -0.153778E-01   0.340378E+06   0.340358E+06   0.234453E-01
   0.298206E+00   0.609308E+06   0.606172E+06  -0.166944E+00  -0.166945E+00   0.985626E+04   0.606116E+06   0.608815E+06   0.606116E+06  -0.144795E-01   0.320495E+06   0.320475E+06   0.217817E-01
   0.310132E+00   0.577363E+06   0.574508E+06  -0.146266E+00  -0.146266E+00   0.873962E+04   0.574354E+06   0.576915E+06   0.574354E+06  -0.137207E-01   0.303701E+06   0.303684E+06   0.185794E-01
   0.322536E+00   0.548035E+06   0.545463E+06  -0.128369E+00  -0.128370E+00   0.775991E+04   0.545198E+06   0.547631E+06   0.545198E+06  -0.130242E-01   0.288285E+06   0.288269E+06   0.156946E-01
   0.335436E+00   0.517780E+06   0.515355E+06  -0.112136E+00  -0.112136E+00   0.685520E+04   0.515098E+06   0.517399E+06   0.515098E+06  -0.123052E-01   0.272369E+06   0.272355E+06   0.143170E-01
   0.348851E+00   0.486754E+06   0.484379E+06  -0.974638E-01  -0.974640E-01   0.602329E+04   0.484216E+06   0.486381E+06   0.484216E+06  -0.115674E-01   0.256040E+06   0.256026E+06   0.137957E-01
   0.362804E+00   0.457993E+06   0.455710E+06  -0.847875E-01  -0.847877E-01   0.529521E+04   0.455596E+06   0.457635E+06   0.455596E+06  -0.108837E-01   0.240908E+06   0.240894E+06   0.128368E-01
   0.377314E+00   0.432666E+06   0.430555E+06  -0.740586E-01  -0.740588E-01   0.467234E+04   0.430407E+06   0.432334E+06   0.430407E+06  -0.102820E-01   0.227589E+06   0.227576E+06   0.112513E-01
   0.392404E+00   0.409002E+06   0.407054E+06  -0.647289E-01  -0.647291E-01   0.412394E+04   0.406872E+06   0.408696E+06   0.406872E+06  -0.971975E-02   0.215144E+06   0.215133E+06   0.987546E-02
   0.408099E+00   0.385299E+06   0.383446E+06  -0.563783E-01  -0.563785E-01   0.362603E+04   0.383289E+06   0.385008E+06   0.383289E+06  -0.915638E-02   0.202675E+06   0.202663E+06   0.910814E-02
   0.424420E+00   0.362373E+06   0.360597E+06  -0.490239E-01  -0.490240E-01   0.318189E+04   0.360476E+06   0.362094E+06   0.360476E+06  -0.861140E-02   0.190612E+06   0.190601E+06   0.846147E-02
   0.441395E+00   0.341518E+06   0.339854E+06  -0.427179E-01  -0.427180E-01   0.279707E+04   0.339731E+06   0.341256E+06   0.339731E+06  -0.811581E-02   0.179642E+06   0.179632E+06   0.758163E-02
   0.459049E+00   0.322091E+06   0.320542E+06  -0.372496E-01  -0.372497E-01   0.245976E+04   0.320408E+06   0.321848E+06   0.320408E+06  -0.765421E-02   0.169425E+06   0.169416E+06   0.674999E-02
   0.477408E+00   0.303187E+06   0.301721E+06  -0.324186E-01  -0.324187E-01   0.215826E+04   0.301601E+06   0.302957E+06   0.301601E+06  -0.720493E-02   0.159481E+06   0.159472E+06   0.616826E-02
   0.496502E+00   0.285228E+06   0.283839E+06  -0.281978E-01  -0.281979E-01   0.189204E+04   0.283733E+06   0.285010E+06   0.283733E+06  -0.677809E-02   0.150033E+06   0.150024E+06   0.562995E-02
   0.516359E+00   0.268592E+06   0.267293E+06  -0.245505E-01  -0.245506E-01   0.165978E+04   0.267186E+06   0.268388E+06   0.267186E+06  -0.638279E-02   0.141283E+06   0.141275E+06   0.505058E-02
   0.537011E+00   0.252807E+06   0.251586E+06  -0.213647E-01  -0.213648E-01   0.145490E+04   0.251483E+06   0.252615E+06   0.251483E+06  -0.600767E-02   0.132980E+06   0.132972E+06   0.456250E-02
   0.558489E+00   0.237747E+06   0.236594E+06  -0.185765E-01  -0.185765E-01   0.127386E+04   0.236500E+06   0.237565E+06   0.236500E+06  -0.564975E-02   0.125057E+06   0.125050E+06   0.414991E-02
   0.580825E+00   0.223648E+06   0.222565E+06  -0.161568E-01  -0.161568E-01   0.111536E+04   0.222476E+06   0.223478E+06   0.222476E+06  -0.531471E-02   0.117641E+06   0.117635E+06   0.374269E-02
   0.604055E+00   0.210344E+06   0.209327E+06  -0.140495E-01  -0.140496E-01   0.976120E+03   0.209241E+06   0.210184E+06   0.209241E+06  -0.499855E-02   0.110643E+06   0.110637E+06   0.337984E-02
   0.628214E+00   0.197732E+06   0.196774E+06  -0.122109E-01  -0.122110E-01   0.853605E+03   0.196695E+06   0.197581E+06   0.196695E+06  -0.469883E-02   0.104009E+06   0.104003E+06   0.306174E-02
   0.653340E+00   0.185878E+06   0.184979E+06  -0.106131E-01  -0.106131E-01   0.746288E+03   0.184903E+06   0.185737E+06   0.184903E+06  -0.441715E-02   0.977740E+05   0.977686E+05   0.276339E-02
   0.814806E+00   0.130694E+06   0.130062E+06  -0.479789E-02  -0.479790E-02   0.347193E+03   0.130008E+06   0.130595E+06   0.130008E+06  -0.310575E-02   0.687463E+05   0.687425E+05   0.155778E-02
   0.101618E+01   0.913584E+05   0.909165E+05  -0.215636E-02  -0.215636E-02   0.159514E+03   0.908782E+05   0.912890E+05   0.908782E+05  -0.217099E-02   0.480553E+05   0.480526E+05   0.873349E-03
   0.126732E+01   0.635258E+05   0.632186E+05  -0.964045E-03  -0.964047E-03   0.725030E+02   0.631918E+05   0.634775E+05   0.631918E+05  -0.150958E-02   0.334151E+05   0.334132E+05   0.487421E-03
   0.158052E+01   0.439634E+05   0.437508E+05  -0.428955E-03  -0.428956E-03   0.326549E+02   0.437322E+05   0.439300E+05   0.437322E+05  -0.104472E-02   0.231251E+05   0.231238E+05   0.271024E-03
   0.197113E+01   0.302949E+05   0.301484E+05  -0.190047E-03  -0.190048E-03   0.145946E+02   0.301355E+05   0.302719E+05   0.301355E+05  -0.719906E-03   0.159353E+05   0.159345E+05   0.150281E-03
   0.245827E+01   0.207949E+05   0.206944E+05  -0.838728E-04  -0.838730E-04   0.648068E+01   0.206855E+05   0.207791E+05   0.206855E+05  -0.494155E-03   0.109383E+05   0.109377E+05   0.831940E-04
   0.306581E+01   0.142236E+05   0.141548E+05  -0.368844E-04  -0.368845E-04   0.286210E+01   0.141487E+05   0.142128E+05   0.141487E+05  -0.337998E-03   0.748169E+04   0.748127E+04   0.460499E-04
   0.382350E+01   0.969752E+04   0.965060E+04  -0.161683E-04  -0.161684E-04   0.125822E+01   0.964648E+04   0.969015E+04   0.964648E+04  -0.230444E-03   0.510096E+04   0.510067E+04   0.255397E-04
   0.476844E+01   0.659226E+04   0.656034E+04  -0.706658E-05  -0.706660E-05   0.550980E+00   0.655756E+04   0.658725E+04   0.655756E+04  -0.156653E-03   0.346757E+04   0.346737E+04   0.142332E-04
   0.594691E+01   0.446928E+04   0.444762E+04  -0.308023E-05  -0.308024E-05   0.240471E+00   0.444575E+04   0.446588E+04   0.444575E+04  -0.106204E-03   0.235087E+04   0.235073E+04   0.800240E-05
   0.741663E+01   0.302250E+04   0.300782E+04  -0.133931E-05  -0.133932E-05   0.104646E+00   0.300658E+04   0.302020E+04   0.300658E+04  -0.718241E-04   0.158985E+04   0.158975E+04   0.456365E-05
   0.924957E+01   0.203942E+04   0.202948E+04  -0.581021E-06  -0.581023E-06   0.454224E-01   0.202867E+04   0.203786E+04   0.202867E+04  -0.484628E-04   0.107274E+04   0.107267E+04   0.265804E-05
   0.115355E+02   0.137319E+04   0.136647E+04  -0.251529E-06  -0.251530E-06   0.196703E-01   0.136595E+04   0.137214E+04   0.136595E+04  -0.326311E-04   0.722303E+03   0.722248E+03   0.159386E-05
   0.143864E+02   0.922803E+03   0.918250E+03  -0.108677E-06  -0.108677E-06   0.850071E-02   0.917932E+03   0.922088E+03   0.917932E+03  -0.219284E-04   0.485395E+03   0.485352E+03   0.991985E-06
   0.179419E+02   0.619009E+03   0.615920E+03  -0.468705E-07  -0.468706E-07   0.366672E-02   0.615736E+03   0.618524E+03   0.615736E+03  -0.147093E-04   0.325597E+03   0.325562E+03   0.644948E-06
   0.223760E+02   0.414521E+03   0.412414E+03  -0.201801E-07  -0.201802E-07   0.157882E-02   0.412323E+03   0.414190E+03   0.412323E+03  -0.984996E-05   0.218034E+03   0.218005E+03   0.439325E-06
   0.279060E+02   0.277138E+03   0.275691E+03  -0.867464E-08  -0.867467E-08   0.678679E-03   0.275663E+03   0.276911E+03   0.275663E+03  -0.658530E-05   0.145770E+03   0.145743E+03   0.313049E-06
   0.348027E+02   0.185003E+03   0.183996E+03  -0.372320E-08  -0.372322E-08   0.291295E-03   0.184012E+03   0.184845E+03   0.184012E+03  -0.439585E-05   0.973055E+02   0.972813E+02   0.232069E-06
   0.434039E+02   0.123314E+03   0.122601E+03  -0.159566E-08  -0.159566E-08   0.124830E-03   0.122647E+03   0.123202E+03   0.122647E+03  -0.292990E-05   0.648563E+02   0.648332E+02   0.177596E-06
   0.541307E+02   0.820725E+02   0.815545E+02  -0.682851E-09  -0.682853E-09   0.534143E-04   0.816216E+02   0.819911E+02   0.816216E+02  -0.194985E-05   0.431627E+02   0.431401E+02   0.139161E-06
   0.675086E+02   0.545397E+02   0.541508E+02  -0.291783E-09  -0.291784E-09   0.228175E-04   0.542331E+02   0.544787E+02   0.542331E+02  -0.129557E-05   0.286800E+02   0.286575E+02   0.110835E-06
   0.841926E+02   0.361830E+02   0.358790E+02  -0.124479E-09  -0.124479E-09   0.973080E-05   0.359724E+02   0.361352E+02   0.359724E+02  -0.859342E-06   0.190239E+02   0.190014E+02   0.891843E-07
   0.105000E+03   0.239590E+02   0.237109E+02  -0.530086E-10  -0.530087E-10   0.414147E-05   0.238122E+02   0.239201E+02   0.238122E+02  -0.568849E-06   0.125938E+02   0.125711E+02   0.721500E-07
