#          k/h    CDM            baryon         photon         nu             mass_nu        total          no_nu          total_de       Weyl           v_CDM          v_b            v_b-v_c     
   0.742708E-04   0.197864E+08   0.197864E+08   0.256845E+08   0.256834E+08   0.197867E+08   0.197864E+08   0.197864E+08   0.197929E+08  -0.473083E+00   0.104464E+08   0.104464E+08   0.413778E-01
   0.103653E-03   0.197852E+08   0.197852E+08   0.250376E+08   0.250357E+08   0.197837E+08   0.197852E+08   0.197852E+08   0.197915E+08  -0.473047E+00   0.104458E+08   0.104458E+08   0.576781E-01
   0.144660E-03   0.197829E+08   0.197829E+08   0.238202E+08   0.238167E+08   0.197778E+08   0.197828E+08   0.197829E+08   0.197888E+08  -0.472978E+00   0.104446E+08   0.104446E+08   0.803100E-01
   0.201889E-03   0.197784E+08   0.197784E+08   0.216035E+08   0.215975E+08   0.197665E+08   0.197783E+08   0.197784E+08   0.197838E+08  -0.472845E+00   0.104421E+08   0.104421E+08   0.111587E+00
   0.281759E-03   0.197698E+08   0.197698E+08   0.178215E+08   0.178125E+08   0.197445E+08   0.197697E+08   0.197698E+08   0.197742E+08  -0.472594E+00   0.104375E+08   0.104375E+08   0.154449E+00
   0.393226E-03   0.197535E+08   0.197535E+08   0.121606E+08   0.121508E+08   0.197025E+08   0.197533E+08   0.197535E+08   0.197564E+08  -0.472133E+00   0.104288E+08   0.104288E+08   0.212354E+00
   0.548791E-03   0.197235E+08   0.197234E+08   0.570335E+07   0.569982E+07   0.196230E+08   0.197230E+08   0.197235E+08   0.197245E+08  -0.471317E+00   0.104126E+08   0.104126E+08   0.288980E+00
   0.765900E-03   0.196698E+08   0.196697E+08   0.167506E+07   0.167950E+07   0.194759E+08   0.196689E+08   0.196698E+08   0.196693E+08  -0.469942E+00   0.103836E+08   0.103836E+08   0.388250E+00
   0.106890E-02   0.195779E+08   0.195777E+08   0.938333E+06   0.934416E+06   0.192117E+08   0.195762E+08   0.195778E+08   0.195764E+08  -0.467689E+00   0.103343E+08   0.103343E+08   0.515823E+00
   0.149177E-02   0.194262E+08   0.194260E+08   0.231587E+06   0.223402E+06   0.187592E+08   0.194232E+08   0.194262E+08   0.194232E+08  -0.464016E+00   0.102534E+08   0.102534E+08   0.680174E+00
   0.208193E-02   0.191840E+08   0.191835E+08  -0.106688E+06  -0.106689E+06   0.180452E+08   0.191788E+08   0.191839E+08   0.191788E+08  -0.458169E+00   0.101246E+08   0.101246E+08   0.891371E+00
   0.290557E-02   0.188108E+08   0.188098E+08  -0.537117E+05  -0.537118E+05   0.170246E+08   0.188026E+08   0.188106E+08   0.188025E+08  -0.449178E+00   0.992620E+07   0.992619E+07   0.116186E+01
   0.405505E-02   0.182593E+08   0.182575E+08  -0.267741E+05  -0.267742E+05   0.156823E+08   0.182474E+08   0.182590E+08   0.182474E+08  -0.435913E+00   0.963358E+07   0.963356E+07   0.150627E+01
   0.419250E-02   0.181924E+08   0.181905E+08  -0.249565E+05  -0.249566E+05   0.155292E+08   0.181801E+08   0.181921E+08   0.181801E+08  -0.434306E+00   0.959812E+07   0.959810E+07   0.154538E+01
   0.433460E-02   0.181232E+08   0.181212E+08  -0.232591E+05  -0.232591E+05   0.153725E+08   0.181105E+08   0.181229E+08   0.181105E+08  -0.432643E+00   0.956144E+07   0.956142E+07   0.158540E+01
   0.448152E-02   0.180517E+08   0.180495E+08  -0.216740E+05  -0.216740E+05   0.152119E+08   0.180385E+08   0.180513E+08   0.180385E+08  -0.430923E+00   0.952350E+07   0.952348E+07   0.162635E+01
   0.463343E-02   0.179776E+08   0.179753E+08  -0.201938E+05  -0.201939E+05   0.150481E+08   0.179641E+08   0.179773E+08   0.179641E+08  -0.429145E+00   0.948427E+07   0.948425E+07   0.166824E+01
   0.479048E-02   0.179012E+08   0.178987E+08  -0.188119E+05  -0.188120E+05   0.148808E+08   0.178872E+08   0.179008E+08   0.178872E+08  -0.427308E+00   0.944373E+07   0.944371E+07   0.171108E+01
   0.495285E-02   0.178222E+08   0.178195E+08  -0.175218E+05  -0.175219E+05   0.147100E+08   0.178077E+08   0.178217E+08   0.178077E+08  -0.425409E+00   0.940186E+07   0.940183E+07   0.175489E+01
   0.512073E-02   0.177406E+08   0.177378E+08  -0.163175E+05  -0.163176E+05   0.145357E+08   0.177257E+08   0.177401E+08   0.177257E+08  -0.423450E+00   0.935862E+07   0.935859E+07   0.179967E+01
   0.529430E-02   0.176563E+08   0.176533E+08  -0.151934E+05  -0.151935E+05   0.143579E+08   0.176410E+08   0.176559E+08   0.176410E+08  -0.421427E+00   0.931399E+07   0.931396E+07   0.184545E+01
   0.547375E-02   0.175694E+08   0.175662E+08  -0.141443E+05  -0.141444E+05   0.141766E+08   0.175536E+08   0.175689E+08   0.175536E+08  -0.419339E+00   0.926794E+07   0.926791E+07   0.189222E+01
   0.565928E-02   0.174798E+08   0.174764E+08  -0.131653E+05  -0.131653E+05   0.139917E+08   0.174635E+08   0.174792E+08   0.174635E+08  -0.417187E+00   0.922044E+07   0.922041E+07   0.193999E+01
   0.585110E-02   0.173873E+08   0.173837E+08  -0.122518E+05  -0.122518E+05   0.138031E+08   0.173706E+08   0.173868E+08   0.173706E+08  -0.414967E+00   0.917148E+07   0.917144E+07   0.198878E+01
   0.604942E-02   0.172925E+08   0.172887E+08  -0.113999E+05  -0.113999E+05   0.135896E+08   0.172752E+08   0.172919E+08   0.172752E+08  -0.412688E+00   0.912120E+07   0.912117E+07   0.203858E+01
   0.625447E-02   0.171943E+08   0.171902E+08  -0.106048E+05  -0.106048E+05   0.133904E+08   0.171765E+08   0.171937E+08   0.171765E+08  -0.410331E+00   0.906920E+07   0.906916E+07   0.208939E+01
   0.646647E-02   0.170932E+08   0.170889E+08  -0.986312E+04  -0.986315E+04   0.131872E+08   0.170749E+08   0.170925E+08   0.170749E+08  -0.407903E+00   0.901564E+07   0.901559E+07   0.214122E+01
   0.668565E-02   0.169891E+08   0.169845E+08  -0.917142E+04  -0.917145E+04   0.129800E+08   0.169703E+08   0.169884E+08   0.169703E+08  -0.405404E+00   0.896049E+07   0.896044E+07   0.219406E+01
   0.691226E-02   0.168819E+08   0.168770E+08  -0.852639E+04  -0.852641E+04   0.127690E+08   0.168626E+08   0.168811E+08   0.168626E+08  -0.402831E+00   0.890372E+07   0.890368E+07   0.224791E+01
   0.714655E-02   0.167716E+08   0.167664E+08  -0.792495E+04  -0.792497E+04   0.125544E+08   0.167518E+08   0.167708E+08   0.167518E+08  -0.400184E+00   0.884532E+07   0.884527E+07   0.230275E+01
   0.738878E-02   0.166582E+08   0.166526E+08  -0.736423E+04  -0.736425E+04   0.123365E+08   0.166378E+08   0.166573E+08   0.166378E+08  -0.397462E+00   0.878525E+07   0.878520E+07   0.235857E+01
   0.763923E-02   0.165415E+08   0.165356E+08  -0.684155E+04  -0.684157E+04   0.121158E+08   0.165207E+08   0.165406E+08   0.165207E+08  -0.394662E+00   0.872348E+07   0.872343E+07   0.241535E+01
   0.789816E-02   0.164214E+08   0.164151E+08  -0.635431E+04  -0.635432E+04   0.118925E+08   0.164000E+08   0.164204E+08   0.164000E+08  -0.391779E+00   0.865986E+07   0.865980E+07   0.247306E+01
   0.816587E-02   0.162981E+08   0.162915E+08  -0.590034E+04  -0.590035E+04   0.116674E+08   0.162762E+08   0.162971E+08   0.162762E+08  -0.388823E+00   0.859462E+07   0.859456E+07   0.253169E+01
   0.844265E-02   0.161715E+08   0.161645E+08  -0.547736E+04  -0.547738E+04   0.114404E+08   0.161491E+08   0.161704E+08   0.161491E+08  -0.385786E+00   0.852760E+07   0.852754E+07   0.259118E+01
   0.872882E-02   0.160415E+08   0.160340E+08  -0.508333E+04  -0.508334E+04   0.112116E+08   0.160186E+08   0.160404E+08   0.160186E+08  -0.382668E+00   0.845879E+07   0.845872E+07   0.265151E+01
   0.902468E-02   0.159081E+08   0.159001E+08  -0.471632E+04  -0.471633E+04   0.109811E+08   0.158846E+08   0.159068E+08   0.158846E+08  -0.379468E+00   0.838816E+07   0.838808E+07   0.271262E+01
   0.933057E-02   0.157711E+08   0.157626E+08  -0.437453E+04  -0.437455E+04   0.107486E+08   0.157472E+08   0.157698E+08   0.157472E+08  -0.376184E+00   0.831568E+07   0.831560E+07   0.277445E+01
   0.964683E-02   0.156307E+08   0.156217E+08  -0.405633E+04  -0.405634E+04   0.105141E+08   0.156062E+08   0.156293E+08   0.156062E+08  -0.372817E+00   0.824137E+07   0.824129E+07   0.283694E+01
   0.997381E-02   0.154866E+08   0.154771E+08  -0.376008E+04  -0.376009E+04   0.102775E+08   0.154616E+08   0.154851E+08   0.154616E+08  -0.369363E+00   0.816513E+07   0.816505E+07   0.290001E+01
   0.103119E-01   0.153389E+08   0.153288E+08  -0.348435E+04  -0.348436E+04   0.100390E+08   0.153134E+08   0.153373E+08   0.153134E+08  -0.365822E+00   0.808697E+07   0.808688E+07   0.296357E+01
   0.106614E-01   0.151875E+08   0.151767E+08  -0.322776E+04  -0.322777E+04   0.979870E+07   0.151615E+08   0.151858E+08   0.151615E+08  -0.362193E+00   0.800686E+07   0.800677E+07   0.302753E+01
   0.110228E-01   0.150323E+08   0.150209E+08  -0.298903E+04  -0.298903E+04   0.955699E+07   0.150058E+08   0.150305E+08   0.150058E+08  -0.358475E+00   0.792478E+07   0.792468E+07   0.309178E+01
   0.113964E-01   0.148733E+08   0.148613E+08  -0.276695E+04  -0.276696E+04   0.931414E+07   0.148464E+08   0.148714E+08   0.148464E+08  -0.354665E+00   0.784069E+07   0.784058E+07   0.315618E+01
   0.117827E-01   0.147105E+08   0.146978E+08  -0.256042E+04  -0.256043E+04   0.907048E+07   0.146831E+08   0.147085E+08   0.146831E+08  -0.350765E+00   0.775459E+07   0.775448E+07   0.322061E+01
   0.121820E-01   0.145439E+08   0.145304E+08  -0.236840E+04  -0.236841E+04   0.882582E+07   0.145160E+08   0.145418E+08   0.145160E+08  -0.346773E+00   0.766645E+07   0.766633E+07   0.328491E+01
   0.125950E-01   0.143733E+08   0.143590E+08  -0.218989E+04  -0.218990E+04   0.858151E+07   0.143450E+08   0.143711E+08   0.143450E+08  -0.342687E+00   0.757625E+07   0.757613E+07   0.334891E+01
   0.130219E-01   0.141988E+08   0.141837E+08  -0.202400E+04  -0.202400E+04   0.833733E+07   0.141700E+08   0.141964E+08   0.141700E+08  -0.338508E+00   0.748398E+07   0.748385E+07   0.341241E+01
   0.134632E-01   0.140203E+08   0.140044E+08  -0.186986E+04  -0.186986E+04   0.809343E+07   0.139911E+08   0.140178E+08   0.139911E+08  -0.334234E+00   0.738960E+07   0.738946E+07   0.347522E+01
   0.139196E-01   0.138378E+08   0.138210E+08  -0.172668E+04  -0.172668E+04   0.784988E+07   0.138082E+08   0.138352E+08   0.138082E+08  -0.329864E+00   0.729312E+07   0.729298E+07   0.353709E+01
   0.143914E-01   0.136513E+08   0.136335E+08  -0.159372E+04  -0.159372E+04   0.760668E+07   0.136213E+08   0.136485E+08   0.136213E+08  -0.325399E+00   0.719452E+07   0.719436E+07   0.359779E+01
   0.148792E-01   0.134608E+08   0.134420E+08  -0.147028E+04  -0.147029E+04   0.736388E+07   0.134303E+08   0.134578E+08   0.134303E+08  -0.320837E+00   0.709378E+07   0.709362E+07   0.365704E+01
   0.153835E-01   0.132661E+08   0.132463E+08  -0.135572E+04  -0.135573E+04   0.712176E+07   0.132353E+08   0.132630E+08   0.132353E+08  -0.316179E+00   0.699092E+07   0.699074E+07   0.371454E+01
   0.159049E-01   0.130675E+08   0.130466E+08  -0.124943E+04  -0.124944E+04   0.688081E+07   0.130363E+08   0.130642E+08   0.130363E+08  -0.311424E+00   0.688591E+07   0.688573E+07   0.376997E+01
   0.164440E-01   0.128647E+08   0.128428E+08  -0.115085E+04  -0.115085E+04   0.664152E+07   0.128333E+08   0.128613E+08   0.128333E+08  -0.306573E+00   0.677878E+07   0.677859E+07   0.382299E+01
   0.170014E-01   0.126580E+08   0.126350E+08  -0.105944E+04  -0.105945E+04   0.640420E+07   0.126262E+08   0.126544E+08   0.126262E+08  -0.301627E+00   0.666953E+07   0.666933E+07   0.387322E+01
   0.175777E-01   0.124473E+08   0.124231E+08  -0.974728E+03  -0.974731E+03   0.616898E+07   0.124152E+08   0.124435E+08   0.124152E+08  -0.296586E+00   0.655818E+07   0.655798E+07   0.392027E+01
   0.181735E-01   0.122326E+08   0.122072E+08  -0.896241E+03  -0.896243E+03   0.593598E+07   0.122002E+08   0.122286E+08   0.122002E+08  -0.291451E+00   0.644477E+07   0.644455E+07   0.396372E+01
   0.187895E-01   0.120141E+08   0.119875E+08  -0.823555E+03  -0.823557E+03   0.570537E+07   0.119815E+08   0.120099E+08   0.119815E+08  -0.286225E+00   0.632931E+07   0.632909E+07   0.400310E+01
   0.194263E-01   0.117917E+08   0.117639E+08  -0.756271E+03  -0.756273E+03   0.547744E+07   0.117589E+08   0.117874E+08   0.117589E+08  -0.280908E+00   0.621187E+07   0.621164E+07   0.403795E+01
   0.200848E-01   0.115657E+08   0.115366E+08  -0.694017E+03  -0.694019E+03   0.525250E+07   0.115327E+08   0.115612E+08   0.115327E+08  -0.275505E+00   0.609250E+07   0.609226E+07   0.406777E+01
   0.207656E-01   0.113362E+08   0.113058E+08  -0.636445E+03  -0.636447E+03   0.503094E+07   0.113030E+08   0.113314E+08   0.113030E+08  -0.270018E+00   0.597127E+07   0.597102E+07   0.409204E+01
   0.214694E-01   0.111033E+08   0.110716E+08  -0.583232E+03  -0.583233E+03   0.481307E+07   0.110700E+08   0.110983E+08   0.110700E+08  -0.264450E+00   0.584826E+07   0.584800E+07   0.411020E+01
   0.221971E-01   0.108672E+08   0.108342E+08  -0.534076E+03  -0.534077E+03   0.459901E+07   0.108338E+08   0.108620E+08   0.108338E+08  -0.258807E+00   0.572359E+07   0.572331E+07   0.412172E+01
   0.229495E-01   0.106281E+08   0.105938E+08  -0.488695E+03  -0.488697E+03   0.438891E+07   0.105946E+08   0.106227E+08   0.105946E+08  -0.253095E+00   0.559736E+07   0.559707E+07   0.412600E+01
   0.237274E-01   0.103863E+08   0.103508E+08  -0.446828E+03  -0.446829E+03   0.418309E+07   0.103528E+08   0.103807E+08   0.103528E+08  -0.247318E+00   0.546971E+07   0.546941E+07   0.412248E+01
   0.245316E-01   0.101421E+08   0.101054E+08  -0.408229E+03  -0.408230E+03   0.398193E+07   0.101086E+08   0.101364E+08   0.101086E+08  -0.241484E+00   0.534080E+07   0.534050E+07   0.411058E+01
   0.253631E-01   0.989587E+07   0.985788E+07  -0.372669E+03  -0.372670E+03   0.378566E+07   0.986239E+07   0.988990E+07   0.986239E+07  -0.235602E+00   0.521081E+07   0.521050E+07   0.408973E+01
   0.262228E-01   0.964793E+07   0.960876E+07  -0.339937E+03  -0.339938E+03   0.359442E+07   0.961452E+07   0.964178E+07   0.961452E+07  -0.229681E+00   0.507995E+07   0.507963E+07   0.405937E+01
   0.271116E-01   0.939873E+07   0.935844E+07  -0.309833E+03  -0.309834E+03   0.340839E+07   0.936543E+07   0.939240E+07   0.936543E+07  -0.223730E+00   0.494844E+07   0.494811E+07   0.401897E+01
   0.280306E-01   0.914876E+07   0.910742E+07  -0.282172E+03  -0.282173E+03   0.322782E+07   0.911561E+07   0.914226E+07   0.911561E+07  -0.217762E+00   0.481653E+07   0.481619E+07   0.396804E+01
   0.289807E-01   0.889853E+07   0.885624E+07  -0.256782E+03  -0.256783E+03   0.305299E+07   0.886557E+07   0.889189E+07   0.886557E+07  -0.211789E+00   0.468450E+07   0.468417E+07   0.390614E+01
   0.299630E-01   0.864863E+07   0.860549E+07  -0.233500E+03  -0.233501E+03   0.288405E+07   0.861590E+07   0.864186E+07   0.861590E+07  -0.205825E+00   0.455267E+07   0.455233E+07   0.383289E+01
   0.309786E-01   0.839969E+07   0.835581E+07  -0.212176E+03  -0.212176E+03   0.272106E+07   0.836723E+07   0.839279E+07   0.836723E+07  -0.199884E+00   0.442136E+07   0.442101E+07   0.374801E+01
   0.320286E-01   0.815236E+07   0.810789E+07  -0.192668E+03  -0.192668E+03   0.256426E+07   0.812022E+07   0.814538E+07   0.812022E+07  -0.193984E+00   0.429092E+07   0.429056E+07   0.365131E+01
   0.331142E-01   0.790737E+07   0.786246E+07  -0.174844E+03  -0.174844E+03   0.241383E+07   0.787559E+07   0.790032E+07   0.787559E+07  -0.188140E+00   0.416172E+07   0.416137E+07   0.354271E+01
   0.342366E-01   0.766546E+07   0.762028E+07  -0.158580E+03  -0.158581E+03   0.226981E+07   0.763408E+07   0.765837E+07   0.763408E+07  -0.182370E+00   0.403418E+07   0.403383E+07   0.342228E+01
   0.353971E-01   0.742740E+07   0.738214E+07  -0.143761E+03  -0.143762E+03   0.213228E+07   0.739646E+07   0.742029E+07   0.739646E+07  -0.176694E+00   0.390868E+07   0.390833E+07   0.329026E+01
   0.365969E-01   0.719397E+07   0.714882E+07  -0.130277E+03  -0.130277E+03   0.200135E+07   0.716351E+07   0.718688E+07   0.716351E+07  -0.171129E+00   0.378565E+07   0.378530E+07   0.314705E+01
   0.378373E-01   0.696506E+07   0.692024E+07  -0.118010E+03  -0.118010E+03   0.187678E+07   0.693512E+07   0.695802E+07   0.693512E+07  -0.165673E+00   0.366502E+07   0.366468E+07   0.299336E+01
   0.391198E-01   0.674144E+07   0.669718E+07  -0.106866E+03  -0.106867E+03   0.175854E+07   0.671206E+07   0.673448E+07   0.671206E+07  -0.160344E+00   0.354720E+07   0.354687E+07   0.282999E+01
   0.404458E-01   0.652467E+07   0.648121E+07  -0.967708E+02  -0.967711E+02   0.164688E+07   0.649589E+07   0.651784E+07   0.649589E+07  -0.155180E+00   0.343302E+07   0.343270E+07   0.265792E+01
   0.418167E-01   0.631560E+07   0.627317E+07  -0.876393E+02  -0.876395E+02   0.154175E+07   0.628745E+07   0.630893E+07   0.628745E+07  -0.150201E+00   0.332292E+07   0.332260E+07   0.247842E+01
   0.432341E-01   0.611491E+07   0.607375E+07  -0.793916E+02  -0.793919E+02   0.144300E+07   0.608741E+07   0.610844E+07   0.608741E+07  -0.145422E+00   0.321725E+07   0.321696E+07   0.229302E+01
   0.446995E-01   0.592308E+07   0.588342E+07  -0.719507E+02  -0.719509E+02   0.135051E+07   0.589627E+07   0.591685E+07   0.589627E+07  -0.140856E+00   0.311628E+07   0.311600E+07   0.210350E+01
   0.462146E-01   0.574035E+07   0.570241E+07  -0.652424E+02  -0.652426E+02   0.126401E+07   0.571424E+07   0.573439E+07   0.571424E+07  -0.136507E+00   0.302012E+07   0.301986E+07   0.191188E+01
   0.477811E-01   0.556667E+07   0.553066E+07  -0.591962E+02  -0.591964E+02   0.118321E+07   0.554128E+07   0.556101E+07   0.554128E+07  -0.132375E+00   0.292876E+07   0.292851E+07   0.172039E+01
   0.494006E-01   0.540176E+07   0.536785E+07  -0.537456E+02  -0.537457E+02   0.110778E+07   0.537710E+07   0.539643E+07   0.537710E+07  -0.128453E+00   0.284202E+07   0.284180E+07   0.153147E+01
   0.510751E-01   0.524510E+07   0.521343E+07  -0.488283E+02  -0.488285E+02   0.103732E+07   0.522118E+07   0.524012E+07   0.522118E+07  -0.124728E+00   0.275965E+07   0.275945E+07   0.134765E+01
   0.528063E-01   0.509600E+07   0.506667E+07  -0.443875E+02  -0.443876E+02   0.971480E+06   0.507282E+07   0.509139E+07   0.507282E+07  -0.121184E+00   0.268128E+07   0.268109E+07   0.117151E+01
   0.545961E-01   0.495368E+07   0.492675E+07  -0.403714E+02  -0.403715E+02   0.909846E+06   0.493125E+07   0.494945E+07   0.493125E+07  -0.117802E+00   0.260648E+07   0.260632E+07   0.100569E+01
   0.564467E-01   0.481730E+07   0.479275E+07  -0.367336E+02  -0.367337E+02   0.852077E+06   0.479559E+07   0.481344E+07   0.479559E+07  -0.114562E+00   0.253482E+07   0.253467E+07   0.852651E+00
   0.583599E-01   0.468594E+07   0.466373E+07  -0.334327E+02  -0.334328E+02   0.797819E+06   0.466495E+07   0.468246E+07   0.466495E+07  -0.111441E+00   0.246579E+07   0.246567E+07   0.714663E+00
   0.611107E-01   0.451509E+07   0.449588E+07  -0.293851E+02  -0.293852E+02   0.728711E+06   0.449502E+07   0.451207E+07   0.449502E+07  -0.107381E+00   0.237602E+07   0.237592E+07   0.552007E+00
   0.638615E-01   0.435311E+07   0.433639E+07  -0.259477E+02  -0.259478E+02   0.667008E+06   0.433388E+07   0.435049E+07   0.433388E+07  -0.103532E+00   0.229088E+07   0.229080E+07   0.430637E+00
   0.666123E-01   0.419907E+07   0.418428E+07  -0.230089E+02  -0.230090E+02   0.611718E+06   0.418059E+07   0.419675E+07   0.418059E+07  -0.998699E-01   0.220989E+07   0.220982E+07   0.346974E+00
   0.693630E-01   0.404883E+07   0.403540E+07  -0.204639E+02  -0.204640E+02   0.561547E+06   0.403101E+07   0.404672E+07   0.403101E+07  -0.962967E-01   0.213085E+07   0.213079E+07   0.296327E+00
   0.721138E-01   0.389976E+07   0.388711E+07  -0.182376E+02  -0.182377E+02   0.515593E+06   0.388253E+07   0.389778E+07   0.388253E+07  -0.927496E-01   0.205239E+07   0.205233E+07   0.273086E+00
   0.748646E-01   0.375056E+07   0.373819E+07  -0.162762E+02  -0.162762E+02   0.473264E+06   0.373385E+07   0.374862E+07   0.373385E+07  -0.891978E-01   0.197382E+07   0.197376E+07   0.271143E+00
   0.776154E-01   0.360126E+07   0.358875E+07  -0.145412E+02  -0.145413E+02   0.434209E+06   0.358503E+07   0.359929E+07   0.358503E+07  -0.856425E-01   0.189518E+07   0.189511E+07   0.284280E+00
   0.803661E-01   0.345290E+07   0.343993E+07  -0.130048E+02  -0.130048E+02   0.398238E+06   0.343710E+07   0.345086E+07   0.343710E+07  -0.821088E-01   0.181700E+07   0.181693E+07   0.306560E+00
   0.831169E-01   0.330710E+07   0.329347E+07  -0.116453E+02  -0.116453E+02   0.365235E+06   0.329171E+07   0.330496E+07   0.329171E+07  -0.786356E-01   0.174016E+07   0.174008E+07   0.332623E+00
   0.858677E-01   0.316563E+07   0.315124E+07  -0.104446E+02  -0.104446E+02   0.335107E+06   0.315062E+07   0.316337E+07   0.315062E+07  -0.752650E-01   0.166559E+07   0.166550E+07   0.357915E+00
   0.886184E-01   0.303007E+07   0.301495E+07  -0.938649E+01  -0.938652E+01   0.307743E+06   0.301543E+07   0.302769E+07   0.301543E+07  -0.720355E-01   0.159414E+07   0.159404E+07   0.378848E+00
   0.913692E-01   0.290176E+07   0.288602E+07  -0.845602E+01  -0.845605E+01   0.283017E+06   0.288749E+07   0.289928E+07   0.288749E+07  -0.689792E-01   0.152652E+07   0.152641E+07   0.392856E+00
   0.941200E-01   0.278177E+07   0.276559E+07  -0.763957E+01  -0.763959E+01   0.260775E+06   0.276788E+07   0.277923E+07   0.276788E+07  -0.661217E-01   0.146330E+07   0.146319E+07   0.398399E+00
   0.968708E-01   0.267094E+07   0.265457E+07  -0.692468E+01  -0.692470E+01   0.240864E+06   0.265743E+07   0.266837E+07   0.265743E+07  -0.634832E-01   0.140492E+07   0.140481E+07   0.394890E+00
   0.996215E-01   0.256986E+07   0.255354E+07  -0.629994E+01  -0.629996E+01   0.223119E+06   0.255673E+07   0.256730E+07   0.255673E+07  -0.610777E-01   0.135170E+07   0.135158E+07   0.382580E+00
   0.102372E+00   0.247879E+07   0.246280E+07  -0.575475E+01  -0.575476E+01   0.207360E+06   0.246606E+07   0.247628E+07   0.246606E+07  -0.589115E-01   0.130377E+07   0.130366E+07   0.362408E+00
   0.105123E+00   0.239761E+07   0.238219E+07  -0.527907E+01  -0.527909E+01   0.193397E+06   0.238527E+07   0.239519E+07   0.238527E+07  -0.569816E-01   0.126106E+07   0.126096E+07   0.335834E+00
   0.107874E+00   0.232577E+07   0.231114E+07  -0.486339E+01  -0.486340E+01   0.181025E+06   0.231382E+07   0.232348E+07   0.231382E+07  -0.552747E-01   0.122330E+07   0.122320E+07   0.304652E+00
   0.110625E+00   0.226233E+07   0.224864E+07  -0.449873E+01  -0.449874E+01   0.170032E+06   0.225076E+07   0.226018E+07   0.225076E+07  -0.537683E-01   0.118996E+07   0.118987E+07   0.270817E+00
   0.113375E+00   0.220604E+07   0.219340E+07  -0.417686E+01  -0.417688E+01   0.160206E+06   0.219484E+07   0.220405E+07   0.219484E+07  -0.524324E-01   0.116041E+07   0.116032E+07   0.236275E+00
   0.116126E+00   0.215546E+07   0.214392E+07  -0.389041E+01  -0.389042E+01   0.151347E+06   0.214462E+07   0.215365E+07   0.214462E+07  -0.512328E-01   0.113386E+07   0.113379E+07   0.202823E+00
   0.118877E+00   0.210910E+07   0.209864E+07  -0.363293E+01  -0.363294E+01   0.143272E+06   0.209860E+07   0.210745E+07   0.209860E+07  -0.501334E-01   0.110953E+07   0.110947E+07   0.172003E+00
   0.121628E+00   0.206545E+07   0.205600E+07  -0.339895E+01  -0.339896E+01   0.135819E+06   0.205528E+07   0.206397E+07   0.205528E+07  -0.490984E-01   0.108663E+07   0.108658E+07   0.145018E+00
   0.124378E+00   0.202314E+07   0.201457E+07  -0.318394E+01  -0.318395E+01   0.128853E+06   0.201326E+07   0.202179E+07   0.201326E+07  -0.480947E-01   0.106442E+07   0.106438E+07   0.122694E+00
   0.127129E+00   0.198095E+07   0.197310E+07  -0.298431E+01  -0.298432E+01   0.122263E+06   0.197135E+07   0.197972E+07   0.197135E+07  -0.470934E-01   0.104227E+07   0.104223E+07   0.105463E+00
   0.129880E+00   0.193796E+07   0.193067E+07  -0.279736E+01  -0.279737E+01   0.115969E+06   0.192861E+07   0.193681E+07   0.192861E+07  -0.460724E-01   0.101967E+07   0.101964E+07   0.933847E-01
   0.132631E+00   0.189359E+07   0.188667E+07  -0.262124E+01  -0.262125E+01   0.109919E+06   0.188447E+07   0.189250E+07   0.188447E+07  -0.450180E-01   0.996343E+06   0.996309E+06   0.861802E-01
   0.135382E+00   0.184765E+07   0.184092E+07  -0.245484E+01  -0.245485E+01   0.104087E+06   0.183874E+07   0.184659E+07   0.183874E+07  -0.439255E-01   0.972167E+06   0.972133E+06   0.832925E-01
   0.138132E+00   0.180027E+07   0.179358E+07  -0.229762E+01  -0.229763E+01   0.984710E+05   0.179155E+07   0.179922E+07   0.179155E+07  -0.427982E-01   0.947223E+06   0.947188E+06   0.839571E-01
   0.140883E+00   0.175185E+07   0.174507E+07  -0.214939E+01  -0.214940E+01   0.930793E+05   0.174331E+07   0.175078E+07   0.174331E+07  -0.416459E-01   0.921723E+06   0.921686E+06   0.872798E-01
   0.143634E+00   0.170294E+07   0.169597E+07  -0.201012E+01  -0.201013E+01   0.879282E+05   0.169457E+07   0.170185E+07   0.169457E+07  -0.404816E-01   0.895958E+06   0.895918E+06   0.923145E-01
   0.146385E+00   0.165414E+07   0.164692E+07  -0.187981E+01  -0.187982E+01   0.830338E+05   0.164593E+07   0.165301E+07   0.164593E+07  -0.393196E-01   0.870244E+06   0.870201E+06   0.981346E-01
   0.149135E+00   0.160604E+07   0.159854E+07  -0.175842E+01  -0.175842E+01   0.784099E+05   0.159798E+07   0.160486E+07   0.159798E+07  -0.381742E-01   0.844896E+06   0.844849E+06   0.103894E+00
   0.151886E+00   0.155921E+07   0.155144E+07  -0.164584E+01  -0.164585E+01   0.740671E+05   0.155130E+07   0.155799E+07   0.155130E+07  -0.370590E-01   0.820217E+06   0.820168E+06   0.108873E+00
   0.154637E+00   0.151420E+07   0.150621E+07  -0.154195E+01  -0.154195E+01   0.700133E+05   0.150644E+07   0.151295E+07   0.150644E+07  -0.359873E-01   0.796501E+06   0.796449E+06   0.112512E+00
   0.157388E+00   0.147154E+07   0.146339E+07  -0.144656E+01  -0.144657E+01   0.662538E+05   0.146393E+07   0.147026E+07   0.146393E+07  -0.349718E-01   0.774027E+06   0.773973E+06   0.114428E+00
   0.160139E+00   0.143169E+07   0.142347E+07  -0.135945E+01  -0.135945E+01   0.627908E+05   0.142424E+07   0.143040E+07   0.142424E+07  -0.340235E-01   0.753042E+06   0.752987E+06   0.114418E+00
   0.162889E+00   0.139501E+07   0.138680E+07  -0.128026E+01  -0.128026E+01   0.596196E+05   0.138771E+07   0.139372E+07   0.138771E+07  -0.331508E-01   0.733729E+06   0.733674E+06   0.112452E+00
   0.165640E+00   0.136165E+07   0.135356E+07  -0.120850E+01  -0.120850E+01   0.567282E+05   0.135451E+07   0.136038E+07   0.135451E+07  -0.323577E-01   0.716177E+06   0.716123E+06   0.108654E+00
   0.168391E+00   0.133158E+07   0.132370E+07  -0.114354E+01  -0.114354E+01   0.540974E+05   0.132459E+07   0.133034E+07   0.132459E+07  -0.316431E-01   0.700362E+06   0.700310E+06   0.103275E+00
   0.171142E+00   0.130455E+07   0.129696E+07  -0.108463E+01  -0.108464E+01   0.517001E+05   0.129772E+07   0.130336E+07   0.129772E+07  -0.310011E-01   0.686153E+06   0.686104E+06   0.966601E-01
   0.173892E+00   0.128016E+07   0.127291E+07  -0.103099E+01  -0.103099E+01   0.495059E+05   0.127348E+07   0.127902E+07   0.127348E+07  -0.304221E-01   0.673340E+06   0.673293E+06   0.892128E-01
   0.176643E+00   0.125791E+07   0.125105E+07  -0.981804E+00  -0.981807E+00   0.474837E+05   0.125138E+07   0.125683E+07   0.125138E+07  -0.298942E-01   0.661656E+06   0.661613E+06   0.813585E-01
   0.179394E+00   0.123729E+07   0.123084E+07  -0.936369E+00  -0.936372E+00   0.456042E+05   0.123091E+07   0.123628E+07   0.123091E+07  -0.294052E-01   0.650835E+06   0.650795E+06   0.735112E-01
   0.182145E+00   0.121783E+07   0.121178E+07  -0.894056E+00  -0.894059E+00   0.438413E+05   0.121159E+07   0.121688E+07   0.121159E+07  -0.289437E-01   0.640620E+06   0.640584E+06   0.660458E-01
   0.184895E+00   0.119908E+07   0.119341E+07  -0.854333E+00  -0.854335E+00   0.421729E+05   0.119298E+07   0.119819E+07   0.119298E+07  -0.284990E-01   0.630779E+06   0.630746E+06   0.592760E-01
   0.187646E+00   0.118065E+07   0.117533E+07  -0.816755E+00  -0.816757E+00   0.405803E+05   0.117468E+07   0.117981E+07   0.117468E+07  -0.280618E-01   0.621104E+06   0.621074E+06   0.534397E-01
   0.190397E+00   0.116219E+07   0.115717E+07  -0.780955E+00  -0.780958E+00   0.390480E+05   0.115635E+07   0.116140E+07   0.115635E+07  -0.276239E-01   0.611412E+06   0.611384E+06   0.486905E-01
   0.193148E+00   0.114343E+07   0.113864E+07  -0.746642E+00  -0.746644E+00   0.375636E+05   0.113770E+07   0.114268E+07   0.113770E+07  -0.271784E-01   0.601552E+06   0.601526E+06   0.450972E-01
   0.195899E+00   0.112415E+07   0.111953E+07  -0.713599E+00  -0.713601E+00   0.361183E+05   0.111852E+07   0.112342E+07   0.111852E+07  -0.267204E-01   0.591415E+06   0.591390E+06   0.426471E-01
   0.198649E+00   0.110424E+07   0.109973E+07  -0.681693E+00  -0.681695E+00   0.347072E+05   0.109871E+07   0.110353E+07   0.109871E+07  -0.262471E-01   0.580942E+06   0.580917E+06   0.412562E-01
   0.201400E+00   0.108369E+07   0.107924E+07  -0.650866E+00  -0.650867E+00   0.333288E+05   0.107826E+07   0.108299E+07   0.107826E+07  -0.257586E-01   0.570129E+06   0.570105E+06   0.407821E-01
   0.204151E+00   0.106261E+07   0.105815E+07  -0.621122E+00  -0.621124E+00   0.319849E+05   0.105727E+07   0.106191E+07   0.105727E+07  -0.252570E-01   0.559030E+06   0.559005E+06   0.410401E-01
   0.206902E+00   0.104117E+07   0.103667E+07  -0.592511E+00  -0.592513E+00   0.306796E+05   0.103591E+07   0.104046E+07   0.103591E+07  -0.247468E-01   0.547738E+06   0.547712E+06   0.418204E-01
   0.209652E+00   0.101959E+07   0.101503E+07  -0.565103E+00  -0.565104E+00   0.294179E+05   0.101442E+07   0.101888E+07   0.101442E+07  -0.242334E-01   0.536375E+06   0.536348E+06   0.429055E-01
   0.212403E+00   0.998139E+06   0.993495E+06  -0.538969E+00  -0.538970E+00   0.282051E+05   0.993041E+06   0.997410E+06   0.993041E+06  -0.237227E-01   0.525073E+06   0.525045E+06   0.440852E-01
   0.215154E+00   0.977049E+06   0.972324E+06  -0.514170E+00  -0.514171E+00   0.270458E+05   0.972028E+06   0.976307E+06   0.972028E+06  -0.232207E-01   0.513963E+06   0.513934E+06   0.451708E-01
   0.217905E+00   0.956554E+06   0.951759E+06  -0.490749E+00  -0.490751E+00   0.259439E+05   0.951610E+06   0.955801E+06   0.951610E+06  -0.227330E-01   0.503168E+06   0.503138E+06   0.460046E-01
   0.226620E+00   0.897657E+06   0.892802E+06  -0.425784E+00  -0.425785E+00   0.228549E+05   0.892955E+06   0.896895E+06   0.892955E+06  -0.213318E-01   0.472156E+06   0.472125E+06   0.458851E-01
   0.235683E+00   0.848506E+06   0.843926E+06  -0.372121E+00  -0.372122E+00   0.202726E+05   0.844056E+06   0.847786E+06   0.844056E+06  -0.201636E-01   0.446302E+06   0.446273E+06   0.410123E-01
   0.245109E+00   0.808271E+06   0.804218E+06  -0.327762E+00  -0.327763E+00   0.181151E+05   0.804076E+06   0.807634E+06   0.804076E+06  -0.192085E-01   0.425163E+06   0.425139E+06   0.334032E-01
   0.254913E+00   0.771356E+06   0.767821E+06  -0.289221E+00  -0.289222E+00   0.162103E+05   0.767400E+06   0.770801E+06   0.767400E+06  -0.183324E-01   0.405771E+06   0.405751E+06   0.267670E-01
   0.265108E+00   0.732281E+06   0.729026E+06  -0.253869E+00  -0.253870E+00   0.144233E+05   0.728536E+06   0.731769E+06   0.728536E+06  -0.174040E-01   0.385223E+06   0.385204E+06   0.235762E-01
   0.275711E+00   0.689647E+06   0.686422E+06  -0.221052E+00  -0.221053E+00   0.127252E+05   0.686092E+06   0.689141E+06   0.686092E+06  -0.163900E-01   0.362781E+06   0.362762E+06   0.233388E-01
   0.286738E+00   0.647067E+06   0.643815E+06  -0.191754E+00  -0.191755E+00   0.111804E+05   0.643692E+06   0.646556E+06   0.643692E+06  -0.153771E-01   0.340363E+06   0.340343E+06   0.234441E-01
   0.298206E+00   0.609281E+06   0.606145E+06  -0.166937E+00  -0.166938E+00   0.985466E+04   0.606089E+06   0.608788E+06   0.606089E+06  -0.144788E-01   0.320481E+06   0.320461E+06   0.217811E-01
   0.310132E+00   0.577337E+06   0.574482E+06  -0.146259E+00  -0.146259E+00   0.873817E+04   0.574327E+06   0.576888E+06   0.574327E+06  -0.137201E-01   0.303687E+06   0.303670E+06   0.185792E-01
   0.322536E+00   0.548010E+06   0.545438E+06  -0.128364E+00  -0.128364E+00   0.775862E+04   0.545172E+06   0.547606E+06   0.545172E+06  -0.130236E-01   0.288271E+06   0.288256E+06   0.156943E-01
   0.335436E+00   0.517757E+06   0.515332E+06  -0.112131E+00  -0.112131E+00   0.685406E+04   0.515075E+06   0.517376E+06   0.515075E+06  -0.123046E-01   0.272357E+06   0.272343E+06   0.143165E-01
   0.348851E+00   0.486732E+06   0.484358E+06  -0.974594E-01  -0.974597E-01   0.602229E+04   0.484194E+06   0.486359E+06   0.484194E+06  -0.115669E-01   0.256029E+06   0.256014E+06   0.137950E-01
   0.362804E+00   0.457972E+06   0.455689E+06  -0.847836E-01  -0.847838E-01   0.529432E+04   0.455575E+06   0.457614E+06   0.455575E+06  -0.108832E-01   0.240896E+06   0.240883E+06   0.128364E-01
   0.377314E+00   0.432646E+06   0.430534E+06  -0.740551E-01  -0.740553E-01   0.467155E+04   0.430387E+06   0.432314E+06   0.430387E+06  -0.102815E-01   0.227578E+06   0.227565E+06   0.112510E-01
   0.392404E+00   0.408982E+06   0.407035E+06  -0.647259E-01  -0.647261E-01   0.412324E+04   0.406853E+06   0.408676E+06   0.406853E+06  -0.971929E-02   0.215134E+06   0.215123E+06   0.987518E-02
   0.408099E+00   0.385281E+06   0.383428E+06  -0.563757E-01  -0.563759E-01   0.362542E+04   0.383271E+06   0.384990E+06   0.383271E+06  -0.915595E-02   0.202665E+06   0.202654E+06   0.910776E-02
   0.424420E+00   0.362356E+06   0.360580E+06  -0.490216E-01  -0.490217E-01   0.318135E+04   0.360459E+06   0.362077E+06   0.360459E+06  -0.861099E-02   0.190603E+06   0.190592E+06   0.846115E-02
   0.441395E+00   0.341501E+06   0.339838E+06  -0.427158E-01  -0.427160E-01   0.279659E+04   0.339714E+06   0.341240E+06   0.339714E+06  -0.811542E-02   0.179634E+06   0.179624E+06   0.758140E-02
   0.459049E+00   0.322076E+06   0.320527E+06  -0.372478E-01  -0.372479E-01   0.245933E+04   0.320393E+06   0.321832E+06   0.320393E+06  -0.765385E-02   0.169417E+06   0.169408E+06   0.674977E-02
   0.477408E+00   0.303173E+06   0.301707E+06  -0.324170E-01  -0.324171E-01   0.215789E+04   0.301587E+06   0.302942E+06   0.301587E+06  -0.720459E-02   0.159473E+06   0.159464E+06   0.616802E-02
   0.496502E+00   0.285214E+06   0.283826E+06  -0.281964E-01  -0.281965E-01   0.189171E+04   0.283720E+06   0.284996E+06   0.283720E+06  -0.677777E-02   0.150026E+06   0.150017E+06   0.562975E-02
   0.516359E+00   0.268580E+06   0.267280E+06  -0.245493E-01  -0.245494E-01   0.165949E+04   0.267173E+06   0.268375E+06   0.267173E+06  -0.638249E-02   0.141276E+06   0.141268E+06   0.505041E-02
   0.537011E+00   0.252795E+06   0.251573E+06  -0.213637E-01  -0.213638E-01   0.145464E+04   0.251471E+06   0.252603E+06   0.251471E+06  -0.600738E-02   0.132973E+06   0.132966E+06   0.456233E-02
   0.558489E+00   0.237735E+06   0.236582E+06  -0.185756E-01  -0.185756E-01   0.127363E+04   0.236489E+06   0.237554E+06   0.236489E+06  -0.564947E-02   0.125051E+06   0.125044E+06   0.414976E-02
   0.580825E+00   0.223637E+06   0.222554E+06  -0.161560E-01  -0.161561E-01   0.111516E+04   0.222465E+06   0.223467E+06   0.222465E+06  -0.531445E-02   0.117636E+06   0.117629E+06   0.374256E-02
   0.604055E+00   0.210334E+06   0.209316E+06  -0.140488E-01  -0.140489E-01   0.975946E+03   0.209231E+06   0.210174E+06   0.209231E+06  -0.499831E-02   0.110638E+06   0.110632E+06   0.337971E-02
   0.628214E+00   0.197722E+06   0.196764E+06  -0.122103E-01  -0.122103E-01   0.853452E+03   0.196685E+06   0.197572E+06   0.196685E+06  -0.469860E-02   0.104004E+06   0.103998E+06   0.306162E-02
   0.653340E+00   0.185869E+06   0.184970E+06  -0.106125E-01  -0.106126E-01   0.746154E+03   0.184894E+06   0.185728E+06   0.184894E+06  -0.441693E-02   0.977692E+05   0.977638E+05   0.276329E-02
   0.811773E+00   0.131474E+06   0.130838E+06  -0.486266E-02  -0.486267E-02   0.351683E+03   0.130784E+06   0.131374E+06   0.130784E+06  -0.312429E-02   0.691567E+05   0.691529E+05   0.157294E-02
   0.100863E+01   0.924729E+05   0.920257E+05  -0.221546E-02  -0.221547E-02   0.163759E+03   0.919869E+05   0.924027E+05   0.919869E+05  -0.219747E-02   0.486416E+05   0.486389E+05   0.890619E-03
   0.125322E+01   0.647104E+05   0.643975E+05  -0.100424E-02  -0.100425E-02   0.754615E+02   0.643701E+05   0.646612E+05   0.643701E+05  -0.153773E-02   0.340382E+05   0.340363E+05   0.502065E-03
   0.155712E+01   0.450741E+05   0.448562E+05  -0.453111E-03  -0.453112E-03   0.344649E+02   0.448370E+05   0.450399E+05   0.448370E+05  -0.107111E-02   0.237093E+05   0.237080E+05   0.282001E-03
   0.193472E+01   0.312657E+05   0.311146E+05  -0.203590E-03  -0.203591E-03   0.156227E+02   0.311013E+05   0.312420E+05   0.311013E+05  -0.742976E-03   0.164460E+05   0.164451E+05   0.157959E-03
   0.240388E+01   0.216054E+05   0.215009E+05  -0.911301E-04  -0.911303E-04   0.703676E+01   0.214917E+05   0.215890E+05   0.214917E+05  -0.513415E-03   0.113646E+05   0.113640E+05   0.883300E-04
   0.298681E+01   0.148784E+05   0.148065E+05  -0.406506E-04  -0.406507E-04   0.315258E+01   0.148001E+05   0.148671E+05   0.148001E+05  -0.353560E-03   0.782617E+04   0.782573E+04   0.493797E-04
   0.371111E+01   0.102137E+05   0.101643E+05  -0.180761E-04  -0.180761E-04   0.140602E+01   0.101600E+05   0.102060E+05   0.101600E+05  -0.242711E-03   0.537250E+04   0.537219E+04   0.276497E-04
   0.461105E+01   0.699139E+04   0.695754E+04  -0.801478E-05  -0.801481E-05   0.624671E+00   0.695459E+04   0.698607E+04   0.695459E+04  -0.166138E-03   0.367752E+04   0.367730E+04   0.155480E-04
   0.572921E+01   0.477303E+04   0.474990E+04  -0.354431E-05  -0.354432E-05   0.276614E+00   0.474790E+04   0.476940E+04   0.474790E+04  -0.113422E-03   0.251064E+04   0.251049E+04   0.881190E-05
   0.711853E+01   0.325067E+04   0.323489E+04  -0.156358E-05  -0.156358E-05   0.122137E+00   0.323355E+04   0.324819E+04   0.323355E+04  -0.772461E-04   0.170987E+04   0.170976E+04   0.505830E-05
   0.884476E+01   0.220892E+04   0.219816E+04  -0.688235E-06  -0.688237E-06   0.537918E-01   0.219728E+04   0.220723E+04   0.219728E+04  -0.524907E-04   0.116190E+04   0.116182E+04   0.295943E-05
   0.109896E+02   0.149792E+04   0.149060E+04  -0.302313E-06  -0.302314E-06   0.236373E-01   0.149003E+04   0.149677E+04   0.149003E+04  -0.355951E-04   0.787912E+03   0.787854E+03   0.177797E-05
   0.136545E+02   0.101383E+04   0.100884E+04  -0.132539E-06  -0.132540E-06   0.103654E-01   0.100848E+04   0.101305E+04   0.100848E+04  -0.240916E-04   0.533277E+03   0.533232E+03   0.110547E-05
   0.169657E+02   0.684964E+03   0.681557E+03  -0.580040E-07  -0.580042E-07   0.453700E-02   0.681344E+03   0.684429E+03   0.681344E+03  -0.162766E-04   0.360290E+03   0.360253E+03   0.716097E-06
   0.210799E+02   0.462001E+03   0.459666E+03  -0.253423E-07  -0.253424E-07   0.198239E-02   0.459554E+03   0.461634E+03   0.459554E+03  -0.109783E-04   0.243009E+03   0.242979E+03   0.485093E-06
   0.261917E+02   0.311124E+03   0.309514E+03  -0.110549E-07  -0.110549E-07   0.864772E-03   0.309470E+03   0.310871E+03   0.309470E+03  -0.739292E-05   0.163647E+03   0.163620E+03   0.343523E-06
   0.325432E+02   0.209205E+03   0.208082E+03  -0.481517E-08  -0.481518E-08   0.376662E-03   0.208086E+03   0.209029E+03   0.208086E+03  -0.497097E-05   0.110036E+03   0.110011E+03   0.253213E-06
   0.404348E+02   0.140468E+03   0.139674E+03  -0.209432E-08  -0.209433E-08   0.163820E-03   0.139711E+03   0.140343E+03   0.139711E+03  -0.333755E-05   0.738796E+02   0.738562E+02   0.192934E-06
   0.502402E+02   0.941802E+02   0.936051E+02  -0.909622E-09  -0.909625E-09   0.711416E-04   0.936658E+02   0.940899E+02   0.936658E+02  -0.223758E-05   0.495315E+02   0.495088E+02   0.150776E-06
   0.624233E+02   0.630528E+02   0.626241E+02  -0.394508E-09  -0.394509E-09   0.308500E-04   0.627015E+02   0.629854E+02   0.627015E+02  -0.149787E-05   0.331580E+02   0.331355E+02   0.119972E-06
   0.775608E+02   0.421475E+02   0.418161E+02  -0.170842E-09  -0.170843E-09   0.133552E-04   0.419057E+02   0.420955E+02   0.419057E+02  -0.100108E-05   0.221614E+02   0.221389E+02   0.965967E-07
   0.963691E+02   0.281245E+02   0.278574E+02  -0.738607E-10  -0.738609E-10   0.577153E-05   0.279560E+02   0.280825E+02   0.279560E+02  -0.667838E-06   0.147850E+02   0.147623E+02   0.783091E-07
   0.119738E+03   0.187287E+02   0.185042E+02  -0.318708E-10  -0.318709E-10   0.248843E-05   0.186092E+02   0.186934E+02   0.186092E+02  -0.444553E-06   0.984250E+01   0.981965E+01   0.636578E-07
   0.148775E+03   0.124402E+02   0.122440E+02  -0.137198E-10  -0.137199E-10   0.107005E-05   0.123535E+02   0.124094E+02   0.123535E+02  -0.295111E-06   0.653458E+01   0.651152E+01   0.517031E-07
   0.184852E+03   0.823625E+01   0.805949E+01  -0.588844E-11  -0.588846E-11   0.458476E-06   0.817148E+01   0.820848E+01   0.817148E+01  -0.195208E-06   0.432321E+01   0.430004E+01   0.418075E-07
   0.229678E+03   0.542961E+01   0.526724E+01  -0.251745E-11  -0.251745E-11   0.195538E-06   0.537974E+01   0.540410E+01   0.537974E+01  -0.128516E-06   0.284696E+01   0.282388E+01   0.335228E-07
   0.285375E+03   0.355941E+01   0.340932E+01  -0.107087E-11  -0.107087E-11   0.828652E-07   0.351989E+01   0.353583E+01   0.351989E+01  -0.840866E-07   0.186345E+01   0.184075E+01   0.265311E-07
   0.354578E+03   0.231710E+01   0.217939E+01  -0.452699E-12  -0.452701E-12   0.348503E-07   0.228512E+01   0.229547E+01   0.228512E+01  -0.545891E-07   0.121042E+01   0.118851E+01   0.206177E-07
   0.440562E+03   0.149637E+01   0.137266E+01  -0.190055E-12  -0.190056E-12   0.145243E-07   0.147028E+01   0.147693E+01   0.147028E+01  -0.351234E-07   0.779406E+00   0.758725E+00   0.156582E-07
   0.547397E+03   0.959037E+00   0.851378E+00  -0.793035E-13  -0.793037E-13   0.600323E-08   0.937879E+00   0.942126E+00   0.937879E+00  -0.224049E-07   0.497698E+00   0.478660E+00   0.116015E-07
   0.680140E+03   0.611707E+00   0.521171E+00  -0.330000E-13  -0.330001E-13   0.246452E-08   0.594792E+00   0.597485E+00   0.594792E+00  -0.142090E-07   0.316074E+00   0.298901E+00   0.842184E-08
   0.845072E+03   0.390025E+00   0.315696E+00  -0.137664E-13  -0.137664E-13   0.101129E-08   0.376644E+00   0.378350E+00   0.376644E+00  -0.899763E-08   0.200519E+00   0.185223E+00   0.603772E-08
   0.105000E+04   0.249288E+00   0.188974E+00  -0.577625E-14  -0.577626E-14   0.414721E-09   0.238733E+00   0.239814E+00   0.238733E+00  -0.570307E-08   0.127405E+00   0.113944E+00   0.427629E-08
