#           k/h    P           
   0.100000E-03   0.417274E+03
   0.102020E-03   0.425411E+03
   0.104081E-03   0.433706E+03
   0.106184E-03   0.442162E+03
   0.108329E-03   0.450784E+03
   0.110517E-03   0.459573E+03
   0.112750E-03   0.468533E+03
   0.115027E-03   0.477668E+03
   0.117351E-03   0.486981E+03
   0.119722E-03   0.496475E+03
   0.122140E-03   0.506154E+03
   0.124608E-03   0.516021E+03
   0.127125E-03   0.526080E+03
   0.129693E-03   0.536335E+03
   0.132313E-03   0.546790E+03
   0.134986E-03   0.557448E+03
   0.137713E-03   0.568313E+03
   0.140495E-03   0.579390E+03
   0.143333E-03   0.590682E+03
   0.146228E-03   0.602194E+03
   0.149182E-03   0.613929E+03
   0.152196E-03   0.625893E+03
   0.155271E-03   0.638090E+03
   0.158407E-03   0.650524E+03
   0.161607E-03   0.663199E+03
   0.164872E-03   0.676121E+03
   0.168203E-03   0.689293E+03
   0.171601E-03   0.702722E+03
   0.175067E-03   0.716412E+03
   0.178604E-03   0.730367E+03
   0.182212E-03   0.744593E+03
   0.185893E-03   0.759096E+03
   0.189648E-03   0.773880E+03
   0.193479E-03   0.788951E+03
   0.197388E-03   0.804314E+03
   0.201375E-03   0.819976E+03
   0.205443E-03   0.835941E+03
   0.209594E-03   0.852216E+03
   0.213828E-03   0.868806E+03
   0.218147E-03   0.885718E+03
   0.222554E-03   0.902958E+03
   0.227050E-03   0.920531E+03
   0.231637E-03   0.938445E+03
   0.236316E-03   0.956705E+03
   0.241090E-03   0.975319E+03
   0.245960E-03   0.994293E+03
   0.250929E-03   0.101363E+04
   0.255998E-03   0.103335E+04
   0.261170E-03   0.105344E+04
   0.266446E-03   0.107393E+04
   0.271828E-03   0.109481E+04
   0.277319E-03   0.111609E+04
   0.282922E-03   0.113778E+04
   0.288637E-03   0.115990E+04
   0.294468E-03   0.118243E+04
   0.300417E-03   0.120541E+04
   0.306485E-03   0.122882E+04
   0.312677E-03   0.125269E+04
   0.318993E-03   0.127701E+04
   0.325437E-03   0.130181E+04
   0.332012E-03   0.132708E+04
   0.338719E-03   0.135283E+04
   0.345561E-03   0.137908E+04
   0.352542E-03   0.140584E+04
   0.359664E-03   0.143310E+04
   0.366930E-03   0.146089E+04
   0.374342E-03   0.148921E+04
   0.381904E-03   0.151808E+04
   0.389619E-03   0.154749E+04
   0.397490E-03   0.157747E+04
   0.405520E-03   0.160802E+04
   0.413712E-03   0.163916E+04
   0.422070E-03   0.167089E+04
   0.430596E-03   0.170322E+04
   0.439295E-03   0.173617E+04
   0.448169E-03   0.176974E+04
   0.457222E-03   0.180396E+04
   0.466459E-03   0.183882E+04
   0.475882E-03   0.187434E+04
   0.485496E-03   0.191054E+04
   0.495303E-03   0.194742E+04
   0.505309E-03   0.198500E+04
   0.515517E-03   0.202329E+04
   0.525931E-03   0.206230E+04
   0.536556E-03   0.210205E+04
   0.547395E-03   0.214254E+04
   0.558453E-03   0.218380E+04
   0.569734E-03   0.222583E+04
   0.581244E-03   0.226865E+04
   0.592986E-03   0.231228E+04
   0.604965E-03   0.235672E+04
   0.617186E-03   0.240198E+04
   0.629654E-03   0.244810E+04
   0.642374E-03   0.249507E+04
   0.655350E-03   0.254291E+04
   0.668589E-03   0.259165E+04
   0.682096E-03   0.264128E+04
   0.695875E-03   0.269184E+04
   0.709933E-03   0.274333E+04
   0.724274E-03   0.279576E+04
   0.738906E-03   0.284917E+04
   0.753832E-03   0.290355E+04
   0.769061E-03   0.295894E+04
   0.784597E-03   0.301534E+04
   0.800447E-03   0.307276E+04
   0.816617E-03   0.313124E+04
   0.833114E-03   0.319078E+04
   0.849944E-03   0.325140E+04
   0.867114E-03   0.331312E+04
   0.884631E-03   0.337595E+04
   0.902501E-03   0.343991E+04
   0.920733E-03   0.350503E+04
   0.939333E-03   0.357131E+04
   0.958309E-03   0.363878E+04
   0.977668E-03   0.370745E+04
   0.997418E-03   0.377734E+04
   0.101757E-02   0.384847E+04
   0.103812E-02   0.392086E+04
   0.105910E-02   0.399452E+04
   0.108049E-02   0.406949E+04
   0.110232E-02   0.414576E+04
   0.112459E-02   0.422337E+04
   0.114730E-02   0.430234E+04
   0.117048E-02   0.438267E+04
   0.119413E-02   0.446438E+04
   0.121825E-02   0.454751E+04
   0.124286E-02   0.463205E+04
   0.126797E-02   0.471805E+04
   0.129358E-02   0.480550E+04
   0.131971E-02   0.489443E+04
   0.134637E-02   0.498486E+04
   0.137357E-02   0.507681E+04
   0.140132E-02   0.517030E+04
   0.142963E-02   0.526534E+04
   0.145851E-02   0.536195E+04
   0.148797E-02   0.546015E+04
   0.151803E-02   0.555997E+04
   0.154870E-02   0.566141E+04
   0.157998E-02   0.576450E+04
   0.161190E-02   0.586924E+04
   0.164446E-02   0.597567E+04
   0.167768E-02   0.608378E+04
   0.171158E-02   0.619361E+04
   0.174615E-02   0.630516E+04
   0.178143E-02   0.641845E+04
   0.181741E-02   0.653349E+04
   0.185413E-02   0.665031E+04
   0.189158E-02   0.676890E+04
   0.192980E-02   0.688930E+04
   0.196878E-02   0.701150E+04
   0.200855E-02   0.713554E+04
   0.204913E-02   0.726141E+04
   0.209052E-02   0.738912E+04
   0.213276E-02   0.751871E+04
   0.217584E-02   0.765016E+04
   0.221979E-02   0.778349E+04
   0.226464E-02   0.791870E+04
   0.231039E-02   0.805582E+04
   0.235706E-02   0.819483E+04
   0.240467E-02   0.833575E+04
   0.245325E-02   0.847858E+04
   0.250281E-02   0.862333E+04
   0.255337E-02   0.877000E+04
   0.260495E-02   0.891859E+04
   0.265758E-02   0.906911E+04
   0.271126E-02   0.922154E+04
   0.276603E-02   0.937590E+04
   0.282191E-02   0.953219E+04
   0.287892E-02   0.969039E+04
   0.293708E-02   0.985051E+04
   0.299641E-02   0.100125E+05
   0.305694E-02   0.101765E+05
   0.311870E-02   0.103423E+05
   0.318170E-02   0.105100E+05
   0.324597E-02   0.106795E+05
   0.331155E-02   0.108509E+05
   0.337844E-02   0.110242E+05
   0.344669E-02   0.111992E+05
   0.351632E-02   0.113761E+05
   0.358735E-02   0.115547E+05
   0.365982E-02   0.117351E+05
   0.373376E-02   0.119172E+05
   0.380918E-02   0.121010E+05
   0.388613E-02   0.122864E+05
   0.396464E-02   0.124735E+05
   0.404473E-02   0.126622E+05
   0.412644E-02   0.128525E+05
   0.420980E-02   0.130443E+05
   0.429484E-02   0.132376E+05
   0.438160E-02   0.134323E+05
   0.447012E-02   0.136285E+05
   0.456042E-02   0.138259E+05
   0.465255E-02   0.140247E+05
   0.474653E-02   0.142247E+05
   0.484242E-02   0.144259E+05
   0.494024E-02   0.146282E+05
   0.504004E-02   0.148315E+05
   0.514186E-02   0.150359E+05
   0.524573E-02   0.152411E+05
   0.535170E-02   0.154472E+05
   0.545981E-02   0.156541E+05
   0.557011E-02   0.158616E+05
   0.568263E-02   0.160697E+05
   0.579743E-02   0.162782E+05
   0.591455E-02   0.164875E+05
   0.603403E-02   0.166973E+05
   0.615592E-02   0.169069E+05
   0.628028E-02   0.171165E+05
   0.640715E-02   0.173261E+05
   0.653658E-02   0.175356E+05
   0.666863E-02   0.177448E+05
   0.680335E-02   0.179537E+05
   0.694078E-02   0.181621E+05
   0.708100E-02   0.183698E+05
   0.722404E-02   0.185768E+05
   0.736998E-02   0.187829E+05
   0.751886E-02   0.189880E+05
   0.767075E-02   0.191917E+05
   0.782571E-02   0.193938E+05
   0.798380E-02   0.195946E+05
   0.814509E-02   0.197939E+05
   0.830963E-02   0.199913E+05
   0.847750E-02   0.201867E+05
   0.864875E-02   0.203799E+05
   0.882347E-02   0.205707E+05
   0.900171E-02   0.207590E+05
   0.918356E-02   0.209445E+05
   0.936908E-02   0.211271E+05
   0.955835E-02   0.213067E+05
   0.975144E-02   0.214828E+05
   0.994843E-02   0.216553E+05
   0.101494E-01   0.218240E+05
   0.103544E-01   0.219887E+05
   0.105636E-01   0.221492E+05
   0.107770E-01   0.223052E+05
   0.109947E-01   0.224564E+05
   0.112168E-01   0.226027E+05
   0.114434E-01   0.227438E+05
   0.116746E-01   0.228795E+05
   0.119104E-01   0.230095E+05
   0.121510E-01   0.231336E+05
   0.123965E-01   0.232514E+05
   0.126469E-01   0.233629E+05
   0.129024E-01   0.234676E+05
   0.131631E-01   0.235654E+05
   0.134290E-01   0.236559E+05
   0.137003E-01   0.237390E+05
   0.139770E-01   0.238143E+05
   0.142594E-01   0.238816E+05
   0.145474E-01   0.239406E+05
   0.148413E-01   0.239911E+05
   0.151411E-01   0.240328E+05
   0.154470E-01   0.240655E+05
   0.157590E-01   0.240890E+05
   0.160774E-01   0.241029E+05
   0.164022E-01   0.241071E+05
   0.167335E-01   0.241014E+05
   0.170716E-01   0.240855E+05
   0.174164E-01   0.240592E+05
   0.177683E-01   0.240224E+05
   0.181272E-01   0.239749E+05
   0.184934E-01   0.239165E+05
   0.188670E-01   0.238472E+05
   0.192481E-01   0.237666E+05
   0.196370E-01   0.236749E+05
   0.200337E-01   0.235718E+05
   0.204384E-01   0.234573E+05
   0.208513E-01   0.233315E+05
   0.212725E-01   0.231942E+05
   0.217022E-01   0.230456E+05
   0.221406E-01   0.228857E+05
   0.225879E-01   0.227145E+05
   0.230442E-01   0.225322E+05
   0.235097E-01   0.223389E+05
   0.239847E-01   0.221349E+05
   0.244692E-01   0.219203E+05
   0.249635E-01   0.216955E+05
   0.254678E-01   0.214607E+05
   0.259823E-01   0.212164E+05
   0.265072E-01   0.209628E+05
   0.270426E-01   0.207005E+05
   0.275889E-01   0.204300E+05
   0.281463E-01   0.201517E+05
   0.287149E-01   0.198662E+05
   0.292949E-01   0.195741E+05
   0.298867E-01   0.192762E+05
   0.304905E-01   0.189730E+05
   0.311064E-01   0.186654E+05
   0.317348E-01   0.183540E+05
   0.323759E-01   0.180396E+05
   0.330299E-01   0.177232E+05
   0.336972E-01   0.174055E+05
   0.343779E-01   0.170874E+05
   0.350724E-01   0.167696E+05
   0.357809E-01   0.164535E+05
   0.365038E-01   0.161393E+05
   0.372412E-01   0.158267E+05
   0.379935E-01   0.155163E+05
   0.387610E-01   0.152092E+05
   0.395440E-01   0.149075E+05
   0.403429E-01   0.146124E+05
   0.411579E-01   0.143245E+05
   0.419893E-01   0.140448E+05
   0.428375E-01   0.137739E+05
   0.437029E-01   0.135123E+05
   0.445858E-01   0.132606E+05
   0.454865E-01   0.130189E+05
   0.464053E-01   0.127875E+05
   0.473428E-01   0.125663E+05
   0.482992E-01   0.123550E+05
   0.492749E-01   0.121535E+05
   0.502703E-01   0.119612E+05
   0.512858E-01   0.117777E+05
   0.523219E-01   0.116023E+05
   0.533789E-01   0.114342E+05
   0.544572E-01   0.112730E+05
   0.555573E-01   0.111182E+05
   0.566796E-01   0.109676E+05
   0.578246E-01   0.108211E+05
   0.589927E-01   0.106837E+05
   0.601845E-01   0.105537E+05
   0.614003E-01   0.104233E+05
   0.626407E-01   0.102881E+05
   0.639061E-01   0.101502E+05
   0.651971E-01   0.100111E+05
   0.665142E-01   0.986853E+04
   0.678578E-01   0.971965E+04
   0.692287E-01   0.956296E+04
   0.706272E-01   0.939743E+04
   0.720539E-01   0.922201E+04
   0.735095E-01   0.903588E+04
   0.749945E-01   0.883882E+04
   0.765095E-01   0.863106E+04
   0.780551E-01   0.841345E+04
   0.796319E-01   0.818719E+04
   0.812406E-01   0.795390E+04
   0.828817E-01   0.771553E+04
   0.845561E-01   0.747423E+04
   0.862642E-01   0.723220E+04
   0.880068E-01   0.699164E+04
   0.897847E-01   0.675478E+04
   0.915985E-01   0.652374E+04
   0.934489E-01   0.630050E+04
   0.953367E-01   0.608705E+04
   0.972626E-01   0.588520E+04
   0.992274E-01   0.569652E+04
   0.101232E+00   0.552243E+04
   0.103277E+00   0.536393E+04
   0.105363E+00   0.522150E+04
   0.107492E+00   0.509504E+04
   0.109663E+00   0.498384E+04
   0.111879E+00   0.488654E+04
   0.114139E+00   0.480121E+04
   0.116445E+00   0.472540E+04
   0.118797E+00   0.465626E+04
   0.121197E+00   0.459055E+04
   0.123645E+00   0.452481E+04
   0.126143E+00   0.445556E+04
   0.128691E+00   0.437960E+04
   0.131291E+00   0.429446E+04
   0.133943E+00   0.419860E+04
   0.136649E+00   0.409166E+04
   0.139409E+00   0.397449E+04
   0.142226E+00   0.384897E+04
   0.145099E+00   0.371767E+04
   0.148030E+00   0.358348E+04
   0.151020E+00   0.344955E+04
   0.154071E+00   0.331901E+04
   0.157184E+00   0.319495E+04
   0.160359E+00   0.308056E+04
   0.163598E+00   0.297848E+04
   0.166903E+00   0.288961E+04
   0.170275E+00   0.281440E+04
   0.173715E+00   0.275132E+04
   0.177224E+00   0.269708E+04
   0.180804E+00   0.264917E+04
   0.184457E+00   0.260391E+04
   0.188183E+00   0.255829E+04
   0.191985E+00   0.250923E+04
   0.195863E+00   0.245443E+04
   0.199820E+00   0.239224E+04
   0.203856E+00   0.232266E+04
   0.207974E+00   0.224784E+04
   0.212176E+00   0.216989E+04
   0.216462E+00   0.209238E+04
   0.220835E+00   0.201836E+04
   0.225296E+00   0.195035E+04
   0.229847E+00   0.189044E+04
   0.234490E+00   0.183901E+04
   0.239227E+00   0.179547E+04
   0.244060E+00   0.175749E+04
   0.248990E+00   0.172213E+04
   0.254020E+00   0.168690E+04
   0.259152E+00   0.164975E+04
   0.264387E+00   0.160927E+04
   0.269728E+00   0.156475E+04
   0.275177E+00   0.151768E+04
   0.280736E+00   0.147026E+04
   0.286407E+00   0.142478E+04
   0.292193E+00   0.138318E+04
   0.298096E+00   0.134609E+04
   0.304118E+00   0.131351E+04
   0.310261E+00   0.128422E+04
   0.316529E+00   0.125673E+04
   0.322923E+00   0.122921E+04
   0.329447E+00   0.120029E+04
   0.336102E+00   0.117001E+04
   0.342892E+00   0.113894E+04
   0.349819E+00   0.110840E+04
   0.356885E+00   0.107958E+04
   0.364095E+00   0.105313E+04
   0.371450E+00   0.102918E+04
   0.378954E+00   0.100684E+04
   0.386609E+00   0.985212E+03
   0.394419E+00   0.963551E+03
   0.402387E+00   0.941525E+03
   0.410516E+00   0.919456E+03
   0.418809E+00   0.897859E+03
   0.427269E+00   0.877450E+03
   0.435901E+00   0.858478E+03
   0.444706E+00   0.840521E+03
   0.453690E+00   0.823151E+03
   0.462855E+00   0.806001E+03
   0.472206E+00   0.788970E+03
   0.481745E+00   0.772252E+03
   0.491477E+00   0.756076E+03
   0.501405E+00   0.740674E+03
   0.511534E+00   0.725990E+03
   0.521868E+00   0.711710E+03
   0.532411E+00   0.697690E+03
   0.543166E+00   0.683939E+03
   0.554139E+00   0.670536E+03
   0.565333E+00   0.657597E+03
   0.576753E+00   0.645106E+03
   0.588404E+00   0.632957E+03
   0.600291E+00   0.621088E+03
   0.612418E+00   0.609471E+03
   0.624789E+00   0.598127E+03
   0.637411E+00   0.587101E+03
   0.650288E+00   0.576373E+03
   0.663424E+00   0.565900E+03
   0.676826E+00   0.555658E+03
   0.690499E+00   0.545636E+03
   0.704448E+00   0.535824E+03
   0.718679E+00   0.526213E+03
   0.733197E+00   0.516793E+03
   0.748009E+00   0.507555E+03
   0.763119E+00   0.498491E+03
   0.778536E+00   0.489592E+03
   0.794263E+00   0.480852E+03
   0.810308E+00   0.472262E+03
   0.826677E+00   0.463816E+03
   0.843378E+00   0.455507E+03
   0.860415E+00   0.447326E+03
   0.877797E+00   0.439268E+03
   0.895529E+00   0.431327E+03
   0.913620E+00   0.423495E+03
   0.932076E+00   0.415767E+03
   0.950906E+00   0.408138E+03
   0.970115E+00   0.400603E+03
   0.989713E+00   0.393158E+03
   0.100971E+01   0.385797E+03
   0.103010E+01   0.378517E+03
   0.105091E+01   0.371316E+03
   0.107214E+01   0.364191E+03
   0.109380E+01   0.357140E+03
   0.111590E+01   0.350161E+03
   0.113844E+01   0.343252E+03
   0.116144E+01   0.336412E+03
   0.118490E+01   0.329639E+03
   0.120884E+01   0.322932E+03
   0.123326E+01   0.316290E+03
   0.125817E+01   0.309712E+03
   0.128359E+01   0.303197E+03
   0.130952E+01   0.296747E+03
   0.133597E+01   0.290360E+03
   0.136296E+01   0.284039E+03
   0.139049E+01   0.277784E+03
   0.141858E+01   0.271595E+03
   0.144724E+01   0.265473E+03
   0.147648E+01   0.259419E+03
   0.150630E+01   0.253434E+03
   0.153673E+01   0.247518E+03
   0.156778E+01   0.241672E+03
   0.159945E+01   0.235896E+03
   0.163176E+01   0.230194E+03
   0.166472E+01   0.224565E+03
   0.169835E+01   0.219012E+03
   0.173266E+01   0.213536E+03
   0.176766E+01   0.208139E+03
   0.180337E+01   0.202820E+03
   0.183980E+01   0.197583E+03
   0.187697E+01   0.192427E+03
   0.191489E+01   0.187352E+03
   0.195357E+01   0.182361E+03
   0.199304E+01   0.177454E+03
   0.203330E+01   0.172632E+03
   0.207437E+01   0.167895E+03
   0.211628E+01   0.163245E+03
   0.215903E+01   0.158681E+03
   0.220265E+01   0.154205E+03
   0.224714E+01   0.149817E+03
   0.229254E+01   0.145516E+03
   0.233885E+01   0.141303E+03
   0.238610E+01   0.137178E+03
   0.243430E+01   0.133141E+03
   0.248348E+01   0.129191E+03
   0.253365E+01   0.125329E+03
   0.258483E+01   0.121553E+03
   0.263705E+01   0.117864E+03
   0.269032E+01   0.114260E+03
   0.274466E+01   0.110742E+03
   0.280011E+01   0.107308E+03
   0.285668E+01   0.103958E+03
   0.291439E+01   0.100691E+03
   0.297326E+01   0.975063E+02
   0.303332E+01   0.944023E+02
   0.309460E+01   0.913783E+02
   0.315712E+01   0.884334E+02
   0.322090E+01   0.855662E+02
   0.328596E+01   0.827758E+02
   0.335234E+01   0.800610E+02
   0.342006E+01   0.774205E+02
   0.348916E+01   0.748530E+02
   0.355964E+01   0.723574E+02
   0.363155E+01   0.699324E+02
   0.370491E+01   0.675766E+02
   0.377976E+01   0.652888E+02
   0.385611E+01   0.630675E+02
   0.393401E+01   0.609116E+02
   0.401348E+01   0.588195E+02
   0.409456E+01   0.567901E+02
   0.417727E+01   0.548218E+02
   0.426166E+01   0.529133E+02
   0.434775E+01   0.510634E+02
   0.443558E+01   0.492705E+02
   0.452519E+01   0.475335E+02
   0.461660E+01   0.458510E+02
   0.470987E+01   0.442216E+02
   0.480501E+01   0.426440E+02
   0.490208E+01   0.411168E+02
   0.500111E+01   0.396388E+02
   0.510214E+01   0.382086E+02
   0.520521E+01   0.368249E+02
   0.531036E+01   0.354864E+02
   0.541763E+01   0.341920E+02
   0.552708E+01   0.329404E+02
   0.563873E+01   0.317305E+02
   0.575264E+01   0.305610E+02
   0.586885E+01   0.294307E+02
   0.598741E+01   0.283387E+02
   0.610836E+01   0.272837E+02
   0.623176E+01   0.262646E+02
   0.635765E+01   0.252805E+02
   0.648609E+01   0.243303E+02
   0.661711E+01   0.234129E+02
   0.675079E+01   0.225274E+02
   0.688716E+01   0.216728E+02
   0.702629E+01   0.208481E+02
   0.716823E+01   0.200524E+02
   0.731304E+01   0.192849E+02
   0.746077E+01   0.185446E+02
   0.761149E+01   0.178307E+02
   0.776525E+01   0.171423E+02
   0.792212E+01   0.164787E+02
   0.808217E+01   0.158390E+02
   0.824543E+01   0.152224E+02
   0.841200E+01   0.146282E+02
   0.858193E+01   0.140556E+02
   0.875530E+01   0.135040E+02
   0.893217E+01   0.129727E+02
   0.911261E+01   0.124609E+02
   0.929670E+01   0.119681E+02
   0.948451E+01   0.114936E+02
   0.967610E+01   0.110367E+02
   0.987158E+01   0.105969E+02
   0.100710E+02   0.101735E+02
   0.102744E+02   0.976609E+01
   0.104820E+02   0.937403E+01
   0.106938E+02   0.899681E+01
   0.109098E+02   0.863391E+01
   0.111302E+02   0.828483E+01
   0.113550E+02   0.794909E+01
   0.115844E+02   0.762620E+01
   0.118184E+02   0.731572E+01
   0.120572E+02   0.701721E+01
   0.123007E+02   0.673023E+01
   0.125492E+02   0.645437E+01
   0.128027E+02   0.618924E+01
   0.130614E+02   0.593444E+01
   0.133252E+02   0.568960E+01
   0.135944E+02   0.545435E+01
   0.138691E+02   0.522835E+01
   0.141492E+02   0.501126E+01
   0.144351E+02   0.480274E+01
   0.147267E+02   0.460249E+01
   0.150242E+02   0.441019E+01
   0.153277E+02   0.422554E+01
   0.156373E+02   0.404828E+01
   0.159532E+02   0.387810E+01
   0.162755E+02   0.371476E+01
   0.166043E+02   0.355799E+01
   0.169397E+02   0.340754E+01
   0.172819E+02   0.326318E+01
   0.176310E+02   0.312466E+01
   0.179872E+02   0.299178E+01
   0.183505E+02   0.286431E+01
   0.187212E+02   0.274204E+01
   0.190994E+02   0.262477E+01
   0.194853E+02   0.251231E+01
   0.198789E+02   0.240448E+01
   0.202805E+02   0.230109E+01
   0.206902E+02   0.220197E+01
   0.211081E+02   0.210695E+01
   0.215346E+02   0.201587E+01
   0.219696E+02   0.192858E+01
   0.224134E+02   0.184492E+01
   0.228662E+02   0.176475E+01
   0.233281E+02   0.168794E+01
   0.237994E+02   0.161435E+01
   0.242802E+02   0.154385E+01
   0.247707E+02   0.147632E+01
   0.252710E+02   0.141164E+01
   0.257816E+02   0.134969E+01
   0.263024E+02   0.129036E+01
   0.268337E+02   0.123355E+01
   0.273758E+02   0.117916E+01
   0.279288E+02   0.112708E+01
   0.284930E+02   0.107723E+01
   0.290686E+02   0.102951E+01
   0.296558E+02   0.983828E+00
   0.302549E+02   0.940112E+00
   0.308661E+02   0.898276E+00
   0.314897E+02   0.858242E+00
   0.321258E+02   0.819937E+00
   0.327748E+02   0.783288E+00
   0.334369E+02   0.748226E+00
   0.341123E+02   0.714687E+00
   0.348014E+02   0.682605E+00
   0.355045E+02   0.651921E+00
   0.362217E+02   0.622575E+00
   0.369535E+02   0.594512E+00
   0.377000E+02   0.567677E+00
   0.384616E+02   0.542019E+00
   0.392386E+02   0.517488E+00
   0.400312E+02   0.494037E+00
   0.408399E+02   0.471618E+00
   0.416649E+02   0.450190E+00
   0.425066E+02   0.429708E+00
   0.433653E+02   0.410134E+00
   0.442413E+02   0.391428E+00
   0.451350E+02   0.373553E+00
   0.460469E+02   0.356473E+00
   0.469770E+02   0.340155E+00
   0.479261E+02   0.324565E+00
   0.488942E+02   0.309672E+00
   0.498820E+02   0.295446E+00
   0.508896E+02   0.281858E+00
   0.519177E+02   0.268880E+00
   0.529665E+02   0.256485E+00
   0.540365E+02   0.244649E+00
   0.551281E+02   0.233346E+00
   0.562417E+02   0.222553E+00
   0.573779E+02   0.212249E+00
   0.585370E+02   0.202410E+00
   0.597195E+02   0.193018E+00
   0.609260E+02   0.184052E+00
   0.621568E+02   0.175493E+00
   0.634124E+02   0.167323E+00
   0.646934E+02   0.159526E+00
   0.660003E+02   0.152084E+00
   0.673336E+02   0.144982E+00
   0.686938E+02   0.138205E+00
   0.700816E+02   0.131737E+00
   0.714973E+02   0.125566E+00
   0.729416E+02   0.119678E+00
   0.744151E+02   0.114060E+00
   0.759184E+02   0.108701E+00
   0.774521E+02   0.103588E+00
   0.790167E+02   0.987109E-01
   0.806129E+02   0.940585E-01
   0.822415E+02   0.896208E-01
   0.839028E+02   0.853880E-01
   0.855978E+02   0.813508E-01
   0.873269E+02   0.775004E-01
   0.890911E+02   0.738282E-01
   0.908908E+02   0.703262E-01
   0.927270E+02   0.669866E-01
   0.946001E+02   0.638019E-01
   0.965112E+02   0.607652E-01
   0.984608E+02   0.578697E-01
   0.100450E+03   0.551088E-01
   0.102479E+03   0.524765E-01
   0.104549E+03   0.499666E-01
   0.106661E+03   0.475737E-01
   0.108816E+03   0.452923E-01
   0.111014E+03   0.431172E-01
   0.113257E+03   0.410436E-01
   0.115545E+03   0.390669E-01
   0.117879E+03   0.371825E-01
   0.120260E+03   0.353863E-01
   0.122690E+03   0.336741E-01
   0.125168E+03   0.320421E-01
   0.127697E+03   0.304867E-01
   0.130277E+03   0.290043E-01
   0.132908E+03   0.275916E-01
   0.135593E+03   0.262455E-01
   0.138332E+03   0.249627E-01
   0.141127E+03   0.237406E-01
   0.143978E+03   0.225761E-01
   0.146886E+03   0.214668E-01
   0.149854E+03   0.204101E-01
   0.152881E+03   0.194035E-01
   0.155969E+03   0.184447E-01
   0.159120E+03   0.175314E-01
   0.162334E+03   0.166617E-01
   0.165614E+03   0.158333E-01
   0.168960E+03   0.150445E-01
   0.172373E+03   0.142933E-01
   0.175855E+03   0.135780E-01
   0.179407E+03   0.128970E-01
   0.183032E+03   0.122486E-01
   0.186729E+03   0.116313E-01
   0.190501E+03   0.110438E-01
   0.194350E+03   0.104846E-01
   0.198276E+03   0.995243E-02
   0.202281E+03   0.944612E-02
   0.206368E+03   0.896445E-02
   0.210536E+03   0.850630E-02
   0.214790E+03   0.807057E-02
   0.219129E+03   0.765622E-02
   0.223555E+03   0.726227E-02
   0.228071E+03   0.688777E-02
   0.232679E+03   0.653179E-02
   0.237379E+03   0.619346E-02
   0.242175E+03   0.587192E-02
   0.247067E+03   0.556635E-02
   0.252058E+03   0.527598E-02
   0.257150E+03   0.500007E-02
   0.262345E+03   0.473792E-02
   0.267644E+03   0.448888E-02
   0.273051E+03   0.425229E-02
   0.278567E+03   0.402756E-02
   0.284195E+03   0.381411E-02
   0.289936E+03   0.361140E-02
   0.295793E+03   0.341890E-02
   0.301768E+03   0.323612E-02
   0.307864E+03   0.306259E-02
   0.314084E+03   0.289785E-02
   0.320428E+03   0.274149E-02
   0.326902E+03   0.259308E-02
   0.333505E+03   0.245225E-02
   0.340243E+03   0.231863E-02
   0.347116E+03   0.219186E-02
   0.354128E+03   0.207160E-02
   0.361282E+03   0.195755E-02
   0.368581E+03   0.184941E-02
   0.376026E+03   0.174691E-02
   0.383623E+03   0.164978E-02
   0.391372E+03   0.155777E-02
   0.399279E+03   0.147063E-02
   0.407344E+03   0.138813E-02
   0.415573E+03   0.131004E-02
   0.423968E+03   0.123615E-02
   0.432533E+03   0.116624E-02
   0.441271E+03   0.110013E-02
   0.450185E+03   0.103761E-02
   0.459279E+03   0.978500E-03
   0.468558E+03   0.922622E-03
   0.478023E+03   0.869804E-03
   0.487680E+03   0.819883E-03
   0.497532E+03   0.772708E-03
   0.507582E+03   0.728132E-03
   0.517837E+03   0.686018E-03
   0.528297E+03   0.646234E-03
   0.538970E+03   0.608657E-03
   0.549857E+03   0.573169E-03
   0.560966E+03   0.539661E-03
   0.572298E+03   0.508037E-03
   0.583859E+03   0.478201E-03
   0.595653E+03   0.450065E-03
   0.607687E+03   0.423541E-03
   0.619962E+03   0.398547E-03
   0.632487E+03   0.375001E-03
   0.645264E+03   0.352828E-03
   0.658299E+03   0.331953E-03
   0.671597E+03   0.312306E-03
   0.685165E+03   0.293821E-03
   0.699006E+03   0.276430E-03
   0.713127E+03   0.260069E-03
   0.727533E+03   0.244676E-03
   0.742230E+03   0.230193E-03
   0.757224E+03   0.216565E-03
   0.772521E+03   0.203742E-03
   0.788127E+03   0.191676E-03
   0.804048E+03   0.180321E-03
   0.820291E+03   0.169635E-03
   0.836862E+03   0.159579E-03
   0.853768E+03   0.150115E-03
   0.871015E+03   0.141209E-03
   0.888611E+03   0.132829E-03
   0.906563E+03   0.124943E-03
   0.924875E+03   0.117523E-03
   0.943559E+03   0.110542E-03
   0.962621E+03   0.103974E-03
   0.982068E+03   0.977953E-04
   0.100191E+04   0.919831E-04
   0.102215E+04   0.865159E-04
   0.104279E+04   0.813733E-04
