1.439431300000000000e+07
1.544567300000000000e+07
1.472503200000000000e+07
1.524906400000000000e+07
1.596945500000000000e+07
1.439610700000000000e+07
1.387001400000000000e+07
1.432826300000000000e+07
1.512107100000000000e+07
1.426298300000000000e+07
1.452461600000000000e+07
1.380805600000000000e+07
1.570705100000000000e+07
1.413344800000000000e+07
1.413267900000000000e+07
1.518583600000000000e+07
1.452538600000000000e+07
1.616684500000000000e+07
1.538244500000000000e+07
1.380498900000000000e+07
1.406791100000000000e+07
1.387232300000000000e+07
1.380755100000000000e+07
1.538270200000000000e+07
1.531383200000000000e+07
1.446545600000000000e+07
1.465748400000000000e+07
1.583889300000000000e+07
1.407070400000000000e+07
1.406533800000000000e+07
1.419615900000000000e+07
1.597202400000000000e+07
1.616581300000000000e+07
1.445959300000000000e+07
1.446442800000000000e+07
1.531639500000000000e+07
1.406533900000000000e+07
1.387052900000000000e+07
1.407121800000000000e+07
1.426169700000000000e+07
1.413112300000000000e+07
1.406714200000000000e+07
1.610104300000000000e+07
1.616607900000000000e+07
1.413139500000000000e+07
1.564484900000000000e+07
1.387384500000000000e+07
1.393989300000000000e+07
1.557931200000000000e+07
1.616606900000000000e+07
1.374149900000000000e+07
1.531408800000000000e+07
1.616453800000000000e+07
1.505373700000000000e+07
1.597050000000000000e+07
1.485712900000000000e+07
1.610156800000000000e+07
1.597176500000000000e+07
1.616709900000000000e+07
1.557854100000000000e+07
1.616555700000000000e+07
1.472276400000000000e+07
1.616658200000000000e+07
1.386975400000000000e+07
1.406533700000000000e+07
1.419821600000000000e+07
1.439661900000000000e+07
1.413061800000000000e+07
1.616683900000000000e+07
1.400568400000000000e+07
1.413061900000000000e+07
1.610181300000000000e+07
1.439482600000000000e+07
1.498871400000000000e+07
1.531357600000000000e+07
1.564382100000000000e+07
1.492472000000000000e+07
1.426807900000000000e+07
1.583966200000000000e+07
1.551429000000000000e+07
1.616453700000000000e+07
1.610155600000000000e+07
1.439328600000000000e+07
1.453073400000000000e+07
1.406558900000000000e+07
1.531536900000000000e+07
1.386975500000000000e+07
1.380524700000000000e+07
1.571064400000000000e+07
1.374098900000000000e+07
1.387000600000000000e+07
1.616709700000000000e+07
1.479082400000000000e+07
1.511850400000000000e+07
1.406534000000000000e+07
1.432903300000000000e+07
1.584146200000000000e+07
1.432749200000000000e+07
1.544901100000000000e+07
1.603705400000000000e+07
1.459549900000000000e+07
1.400365400000000000e+07
1.538064900000000000e+07
1.387027200000000000e+07
1.459220400000000000e+07
1.393862800000000000e+07
1.439585100000000000e+07
1.380652900000000000e+07
1.584043200000000000e+07
1.439354300000000000e+07
1.413216600000000000e+07
1.499025600000000000e+07
1.380550400000000000e+07
1.387257900000000000e+07
1.386975300000000000e+07
1.419898500000000000e+07
1.551351800000000000e+07
1.400031900000000000e+07
1.570756300000000000e+07
1.400005800000000000e+07
1.557982700000000000e+07
1.551249100000000000e+07
1.603577900000000000e+07
1.485918400000000000e+07
1.413061700000000000e+07
1.393503800000000000e+07
1.406584300000000000e+07
1.538295900000000000e+07
1.596971100000000000e+07
1.590648400000000000e+07
1.406637200000000000e+07
1.570653900000000000e+07
1.400237400000000000e+07
1.400005900000000000e+07
1.590443000000000000e+07
1.400057700000000000e+07
1.413726700000000000e+07
1.525240100000000000e+07
1.406944700000000000e+07
1.505425000000000000e+07
1.420228700000000000e+07
1.616633500000000000e+07
1.472785500000000000e+07
1.426195500000000000e+07
1.426833600000000000e+07
1.459447300000000000e+07
1.551454800000000000e+07
1.610207800000000000e+07
1.531434400000000000e+07
1.419770300000000000e+07
1.433387100000000000e+07
1.616710000000000000e+07
1.538218800000000000e+07
1.393529600000000000e+07
1.466180500000000000e+07
1.525162900000000000e+07
1.616632500000000000e+07
1.380678500000000000e+07
1.426782200000000000e+07
1.498593300000000000e+07
1.544875300000000000e+07
1.577618200000000000e+07
1.426503400000000000e+07
1.400005700000000000e+07
1.616530100000000000e+07
1.420254400000000000e+07
1.413062000000000000e+07
1.387078600000000000e+07
1.485358000000000000e+07
1.518660700000000000e+07
1.393553900000000000e+07
1.577566600000000000e+07
1.610232900000000000e+07
1.393503000000000000e+07
1.393760500000000000e+07
1.439302900000000000e+07
1.380473100000000000e+07
1.406533600000000000e+07
1.386975600000000000e+07
1.603654500000000000e+07
1.433361400000000000e+07
1.551377500000000000e+07
1.426529000000000000e+07
1.571038600000000000e+07
1.511927300000000000e+07
1.406611500000000000e+07
1.616709600000000000e+07
1.597202300000000000e+07
1.616453600000000000e+07
1.538347400000000000e+07
1.544721100000000000e+07
1.590674200000000000e+07
1.518557900000000000e+07
1.557777100000000000e+07
1.452589900000000000e+07
1.466026500000000000e+07
1.387410200000000000e+07
1.466154800000000000e+07
1.479159300000000000e+07
1.380499000000000000e+07
1.551044100000000000e+07
1.400006000000000000e+07
1.610131300000000000e+07
1.610207000000000000e+07
1.406662900000000000e+07
1.387129900000000000e+07
1.413319200000000000e+07
1.459066600000000000e+07
1.544669800000000000e+07
1.380601700000000000e+07
1.432852000000000000e+07
1.610054600000000000e+07
1.452487300000000000e+07
1.374175500000000000e+07
1.452868100000000000e+07
1.393709300000000000e+07
1.551018500000000000e+07
1.400030900000000000e+07
1.603653100000000000e+07
1.406765500000000000e+07
1.570910100000000000e+07
1.603680000000000000e+07
1.453022000000000000e+07
1.426477800000000000e+07
1.413088000000000000e+07
1.386975200000000000e+07
1.393528400000000000e+07
1.603371300000000000e+07
1.459117900000000000e+07
1.393786100000000000e+07
1.407147500000000000e+07
1.492014100000000000e+07
1.426705200000000000e+07
1.400160500000000000e+07
1.393632400000000000e+07
1.616684600000000000e+07
1.466206200000000000e+07
1.603730600000000000e+07
1.551098700000000000e+07
1.439559500000000000e+07
1.439251400000000000e+07
1.603629000000000000e+07
1.498567700000000000e+07
1.584094600000000000e+07
1.452718000000000000e+07
1.583914900000000000e+07
1.478804400000000000e+07
1.609925100000000000e+07
1.525137200000000000e+07
1.413061600000000000e+07
1.597150700000000000e+07
1.400005600000000000e+07
1.551197800000000000e+07
1.393963500000000000e+07
1.439380000000000000e+07
1.492215200000000000e+07
1.610129900000000000e+07
1.596998900000000000e+07
1.432954600000000000e+07
1.610232800000000000e+07
1.446061900000000000e+07
1.557956900000000000e+07
1.610233200000000000e+07
1.479364800000000000e+07
1.406534100000000000e+07
1.419589800000000000e+07
1.603730700000000000e+07
1.374099000000000000e+07
1.459344800000000000e+07
1.597099300000000000e+07
1.603678800000000000e+07
1.380473200000000000e+07
1.406560000000000000e+07
1.485460500000000000e+07
1.603730500000000000e+07
1.400391000000000000e+07
1.538141800000000000e+07
1.426375300000000000e+07
1.374073400000000000e+07
1.387026000000000000e+07
1.380831400000000000e+07
1.387001500000000000e+07
1.433412800000000000e+07
1.616683800000000000e+07
1.420203000000000000e+07
1.413675200000000000e+07
1.616659100000000000e+07
1.479210600000000000e+07
1.380704100000000000e+07
1.577361200000000000e+07
1.511978600000000000e+07
1.505322400000000000e+07
1.603627400000000000e+07
1.564536400000000000e+07
1.426324000000000000e+07
1.374175600000000000e+07
1.380780700000000000e+07
1.485661600000000000e+07
1.512132800000000000e+07
1.413113800000000000e+07
1.419589900000000000e+07
1.433335700000000000e+07
1.439940600000000000e+07
1.550992900000000000e+07
1.531460000000000000e+07
1.465722800000000000e+07
1.380831300000000000e+07
1.387283500000000000e+07
1.472528800000000000e+07
1.413062100000000000e+07
1.419589700000000000e+07
1.400542600000000000e+07
1.571090200000000000e+07
1.505121300000000000e+07
1.564510600000000000e+07
1.452692400000000000e+07
1.596996700000000000e+07
1.419872900000000000e+07
1.400056300000000000e+07
1.387436000000000000e+07
1.420280100000000000e+07
1.386975700000000000e+07
1.413649500000000000e+07
1.380755200000000000e+07
1.400211800000000000e+07
1.551403200000000000e+07
1.393811700000000000e+07
1.419641800000000000e+07
1.393477800000000000e+07
1.393477900000000000e+07
1.400006100000000000e+07
1.406585800000000000e+07
1.445882300000000000e+07
1.616504500000000000e+07
1.616709500000000000e+07
1.393683700000000000e+07
1.394015000000000000e+07
1.406533500000000000e+07
1.439966300000000000e+07
1.419616000000000000e+07
1.603730800000000000e+07
1.590468600000000000e+07
1.400516900000000000e+07
1.616658100000000000e+07
1.426756500000000000e+07
1.518480900000000000e+07
1.478932500000000000e+07
1.432697700000000000e+07
1.439914900000000000e+07
1.491988500000000000e+07
1.387000500000000000e+07
1.492420500000000000e+07
1.419590000000000000e+07
1.426452200000000000e+07
1.603730400000000000e+07
1.498948400000000000e+07
1.551300400000000000e+07
1.393477700000000000e+07
1.386975100000000000e+07
1.426859300000000000e+07
1.413700900000000000e+07
1.498542100000000000e+07
1.393503900000000000e+07
1.603705500000000000e+07
1.400005500000000000e+07
1.616735400000000000e+07
1.603448000000000000e+07
1.393989200000000000e+07
1.446365800000000000e+07
1.445856600000000000e+07
1.380524800000000000e+07
1.458989600000000000e+07
1.623135400000000000e+07
1.374201000000000000e+07
1.380831200000000000e+07
1.603526800000000000e+07
1.538193100000000000e+07
1.498974100000000000e+07
1.610233300000000000e+07
1.466231900000000000e+07
1.478906900000000000e+07
1.623109800000000000e+07
1.472250800000000000e+07
1.597202200000000000e+07
1.616582400000000000e+07
1.387104300000000000e+07
1.465645900000000000e+07
1.439277200000000000e+07
1.374201100000000000e+07
1.393581100000000000e+07
1.393555400000000000e+07
1.459370400000000000e+07
1.616581200000000000e+07
1.623135500000000000e+07
1.485841200000000000e+07
1.616735300000000000e+07
1.485866900000000000e+07
1.498666300000000000e+07
1.564305100000000000e+07
1.413242300000000000e+07
1.616735500000000000e+07
1.511876000000000000e+07
1.400032000000000000e+07
1.584146100000000000e+07
1.610182400000000000e+07
1.623135300000000000e+07
1.610181200000000000e+07
1.380473300000000000e+07
1.531793700000000000e+07
1.393478000000000000e+07
1.623109700000000000e+07
1.485434900000000000e+07
1.525111500000000000e+07
1.479108000000000000e+07
1.616606800000000000e+07
1.616608000000000000e+07
1.544798100000000000e+07
1.445908000000000000e+07
1.452666800000000000e+07
1.623161000000000000e+07
1.406688600000000000e+07
1.531716500000000000e+07
1.393477600000000000e+07
1.439533900000000000e+07
1.413061500000000000e+07
1.610232700000000000e+07
1.623161100000000000e+07
1.374150200000000000e+07
1.610207900000000000e+07
1.537962400000000000e+07
1.505219900000000000e+07
1.380499100000000000e+07
1.413086800000000000e+07
1.406558800000000000e+07
1.577592300000000000e+07
1.616555600000000000e+07
1.445985000000000000e+07
1.564100200000000000e+07
1.400083500000000000e+07
1.505502000000000000e+07
1.590571200000000000e+07
1.459626900000000000e+07
1.400568300000000000e+07
1.393502900000000000e+07
1.610105800000000000e+07
1.603704500000000000e+07
1.406739900000000000e+07
1.505527700000000000e+07
1.518686400000000000e+07
1.406534200000000000e+07
1.603422400000000000e+07
1.597073600000000000e+07
1.400109200000000000e+07
1.426169800000000000e+07
1.597024500000000000e+07
1.413293600000000000e+07
1.623160900000000000e+07
1.610206900000000000e+07
1.453124800000000000e+07
1.387027300000000000e+07
1.524957600000000000e+07
1.419693300000000000e+07
1.590674100000000000e+07
1.584120300000000000e+07
1.623084200000000000e+07
1.472657000000000000e+07
1.459524200000000000e+07
1.492446200000000000e+07
1.439457000000000000e+07
1.603601700000000000e+07
1.419796000000000000e+07
1.610156900000000000e+07
1.570987100000000000e+07
1.518532200000000000e+07
1.387053000000000000e+07
1.413062200000000000e+07
1.387410100000000000e+07
1.610155500000000000e+07
1.616710200000000000e+07
1.433258700000000000e+07
1.616735600000000000e+07
1.544618500000000000e+07
1.616735200000000000e+07
1.426247000000000000e+07
1.583940500000000000e+07
1.393837300000000000e+07
1.374099100000000000e+07
1.583991800000000000e+07
1.623109600000000000e+07
1.393529700000000000e+07
1.623135200000000000e+07
1.419719000000000000e+07
1.419590100000000000e+07
1.531485600000000000e+07
1.571012800000000000e+07
1.498922700000000000e+07
1.616633600000000000e+07
1.571064300000000000e+07
1.439405700000000000e+07
1.485892600000000000e+07
1.387181200000000000e+07
1.623084300000000000e+07
1.386975800000000000e+07
1.537988000000000000e+07
1.459601200000000000e+07
1.492292100000000000e+07
1.407096000000000000e+07
1.426221300000000000e+07
1.439786600000000000e+07
1.610104200000000000e+07
1.603730300000000000e+07
1.564459100000000000e+07
1.387206800000000000e+07
1.459652600000000000e+07
1.616632400000000000e+07
1.531742200000000000e+07
1.446519800000000000e+07
1.380653000000000000e+07
1.492497700000000000e+07
1.616530000000000000e+07
1.479313300000000000e+07
1.498999800000000000e+07
1.479287600000000000e+07
1.623186600000000000e+07
1.446494100000000000e+07
1.433082700000000000e+07
1.407121700000000000e+07
1.433057100000000000e+07
1.472378900000000000e+07
1.623161200000000000e+07
1.531690800000000000e+07
1.492138300000000000e+07
1.459015300000000000e+07
1.478881300000000000e+07
1.570961400000000000e+07
1.439889200000000000e+07
1.485815500000000000e+07
1.597022300000000000e+07
1.544849500000000000e+07
1.623186700000000000e+07
1.499051300000000000e+07
1.564228200000000000e+07
1.544772400000000000e+07
1.616709400000000000e+07
1.452513000000000000e+07
1.413165300000000000e+07
1.393658100000000000e+07
1.551454700000000000e+07
1.577386800000000000e+07
1.432877700000000000e+07
1.400006200000000000e+07
1.380831100000000000e+07
1.406868000000000000e+07
1.577515100000000000e+07
1.511773500000000000e+07
1.479005500000000000e+07
1.564433400000000000e+07
1.590366100000000000e+07
1.577540800000000000e+07
1.400057800000000000e+07
1.623160800000000000e+07
1.512081300000000000e+07
1.393606800000000000e+07
1.393478100000000000e+07
1.406842400000000000e+07
1.512055600000000000e+07
1.419667600000000000e+07
1.623186500000000000e+07
1.452564300000000000e+07
1.393477500000000000e+07
1.616478900000000000e+07
1.590700000000000000e+07
1.380678600000000000e+07
1.459169200000000000e+07
1.465975200000000000e+07
1.616683700000000000e+07
1.590648300000000000e+07
1.505476300000000000e+07
1.426426600000000000e+07
1.505245500000000000e+07
1.400186200000000000e+07
1.387155600000000000e+07
1.374047900000000000e+07
1.570884400000000000e+07
1.583812400000000000e+07
1.386975000000000000e+07
1.610233400000000000e+07
1.413726600000000000e+07
1.413139600000000000e+07
1.590391700000000000e+07
1.419847300000000000e+07
1.446036300000000000e+07
1.623084000000000000e+07
1.413088100000000000e+07
1.400134900000000000e+07
1.557982600000000000e+07
1.551428900000000000e+07
1.564484800000000000e+07
1.590494200000000000e+07
1.426272700000000000e+07
1.525034500000000000e+07
1.387001600000000000e+07
1.380447400000000000e+07
1.571090100000000000e+07
1.590340500000000000e+07
1.380447500000000000e+07
1.432775000000000000e+07
1.505604900000000000e+07
1.406560100000000000e+07
1.459396000000000000e+07
1.432929000000000000e+07
1.433031500000000000e+07
1.597228200000000000e+07
1.400314300000000000e+07
1.498794400000000000e+07
1.452641200000000000e+07
1.406893600000000000e+07
1.446164400000000000e+07
1.603680100000000000e+07
1.445933700000000000e+07
1.380601800000000000e+07
1.394014900000000000e+07
1.623186800000000000e+07
1.551223400000000000e+07
1.400005400000000000e+07
1.465697200000000000e+07
1.407070300000000000e+07
1.406816800000000000e+07
1.479339000000000000e+07
1.374226600000000000e+07
1.413191000000000000e+07
1.400288700000000000e+07
1.590545500000000000e+07
1.492240800000000000e+07
1.413421700000000000e+07
1.413396100000000000e+07
1.623084400000000000e+07
1.616735700000000000e+07
1.466052100000000000e+07
1.472554400000000000e+07
1.597228100000000000e+07
1.616659200000000000e+07
1.558008400000000000e+07
1.544695400000000000e+07
1.386949900000000000e+07
1.485409300000000000e+07
1.623135100000000000e+07
1.597228300000000000e+07
1.432800700000000000e+07
1.557905400000000000e+07
1.374226700000000000e+07
1.577566500000000000e+07
1.518301500000000000e+07
1.616735100000000000e+07
1.407147400000000000e+07
1.610131400000000000e+07
1.610232600000000000e+07
1.446545500000000000e+07
1.386949700000000000e+07
1.623058500000000000e+07
1.623109500000000000e+07
1.387078700000000000e+07
1.446468400000000000e+07
1.432749300000000000e+07
1.603678700000000000e+07
1.419744700000000000e+07
1.571038500000000000e+07
1.387258000000000000e+07
1.623186400000000000e+07
1.459678300000000000e+07
1.400339900000000000e+07
1.485687200000000000e+07
1.512107000000000000e+07
1.623058700000000000e+07
1.603653000000000000e+07
1.557931100000000000e+07
1.603731000000000000e+07
1.419590200000000000e+07
1.596919800000000000e+07
1.459092300000000000e+07
1.597202100000000000e+07
1.610258700000000000e+07
1.393504000000000000e+07
1.419616100000000000e+07
1.400594000000000000e+07
1.577258700000000000e+07
1.380704200000000000e+07
1.511799100000000000e+07
1.374150300000000000e+07
1.623161300000000000e+07
1.531767900000000000e+07
1.406534300000000000e+07
1.426349700000000000e+07
1.512029900000000000e+07
1.413447300000000000e+07
1.380755300000000000e+07
1.610129800000000000e+07
1.479184900000000000e+07
1.413370500000000000e+07
1.380447600000000000e+07
1.531665100000000000e+07
1.623160700000000000e+07
1.446138800000000000e+07
1.387000400000000000e+07
1.492471900000000000e+07
1.616658000000000000e+07
1.459575500000000000e+07
1.472327700000000000e+07
1.564536300000000000e+07
1.590699900000000000e+07
1.623212200000000000e+07
1.597150600000000000e+07
1.570833100000000000e+07
1.525085800000000000e+07
1.472734000000000000e+07
1.472759700000000000e+07
1.557572100000000000e+07
1.597228000000000000e+07
1.623212300000000000e+07
1.387435800000000000e+07
1.439508300000000000e+07
1.603705600000000000e+07
1.380499200000000000e+07
1.406611600000000000e+07
1.387130000000000000e+07
1.406637300000000000e+07
1.393963400000000000e+07
1.603730200000000000e+07
1.609925000000000000e+07
1.597124900000000000e+07
1.439251500000000000e+07
1.386950000000000000e+07
1.406919200000000000e+07
1.623083900000000000e+07
1.557879700000000000e+07
1.518609200000000000e+07
1.465825300000000000e+07
1.380576200000000000e+07
1.498717500000000000e+07
1.583761200000000000e+07
1.492343400000000000e+07
1.518634900000000000e+07
1.623212100000000000e+07
1.478855700000000000e+07
1.393478200000000000e+07
1.518327100000000000e+07
1.413062300000000000e+07
1.498897000000000000e+07
1.557751400000000000e+07
1.557623300000000000e+07
1.584094500000000000e+07
1.413113900000000000e+07
1.584043100000000000e+07
1.433005900000000000e+07
1.623058400000000000e+07
1.446241200000000000e+07
1.603578000000000000e+07
1.386949600000000000e+07
1.400032100000000000e+07
1.603629100000000000e+07
1.380524900000000000e+07
1.406791200000000000e+07
1.485918300000000000e+07
1.374226800000000000e+07
1.426833500000000000e+07
1.610258400000000000e+07
1.432697800000000000e+07
1.420254300000000000e+07
1.623186900000000000e+07
1.616760900000000000e+07
1.393989100000000000e+07
1.538270100000000000e+07
1.386975900000000000e+07
1.623212400000000000e+07
1.432826400000000000e+07
1.505579100000000000e+07
1.380831000000000000e+07
1.584146000000000000e+07
1.406714300000000000e+07
1.400006300000000000e+07
1.426807800000000000e+07
1.616761100000000000e+07
1.511901600000000000e+07
1.505271100000000000e+07
1.610208000000000000e+07
1.413268000000000000e+07
1.610052900000000000e+07
1.564330700000000000e+07
1.485789800000000000e+07
1.393735000000000000e+07
1.505450600000000000e+07
1.531511200000000000e+07
1.459041000000000000e+07
1.597047900000000000e+07
1.577618000000000000e+07
1.400365500000000000e+07
1.465799700000000000e+07
1.453073300000000000e+07
1.419641900000000000e+07
1.479133600000000000e+07
1.544490400000000000e+07
1.393760600000000000e+07
1.393502800000000000e+07
1.446113200000000000e+07
1.616709300000000000e+07
1.524983200000000000e+07
1.393477400000000000e+07
1.426298400000000000e+07
1.610182500000000000e+07
1.393632500000000000e+07
1.610181100000000000e+07
1.446391400000000000e+07
1.419975400000000000e+07
1.419949800000000000e+07
1.406585900000000000e+07
1.400542500000000000e+07
1.557546500000000000e+07
1.557956800000000000e+07
1.387410000000000000e+07
1.623186300000000000e+07
1.610080300000000000e+07
1.564510500000000000e+07
1.439328700000000000e+07
1.420228600000000000e+07
1.413344900000000000e+07
1.380473500000000000e+07
1.439303000000000000e+07
1.374073600000000000e+07
1.544516000000000000e+07
1.590674000000000000e+07
1.400237500000000000e+07
1.623212000000000000e+07
1.386974900000000000e+07
1.380447700000000000e+07
1.393555500000000000e+07
1.518660600000000000e+07
1.590442900000000000e+07
1.420280000000000000e+07
1.577207500000000000e+07
1.426401000000000000e+07
1.406508200000000000e+07
1.596971000000000000e+07
1.433387000000000000e+07
1.616684800000000000e+07
1.616735000000000000e+07
1.380856800000000000e+07
1.399980200000000000e+07
1.616760800000000000e+07
1.616608100000000000e+07
1.597227900000000000e+07
1.538295800000000000e+07
1.406508300000000000e+07
1.603756200000000000e+07
1.399980300000000000e+07
1.413216700000000000e+07
1.623033000000000000e+07
1.518583500000000000e+07
1.393709400000000000e+07
1.406533300000000000e+07
1.597099200000000000e+07
1.452461700000000000e+07
1.479364700000000000e+07
1.374124800000000000e+07
1.400568200000000000e+07
1.538039200000000000e+07
1.439812200000000000e+07
1.610233500000000000e+07
1.623135000000000000e+07
1.538244400000000000e+07
1.524855100000000000e+07
1.406663000000000000e+07
1.419924200000000000e+07
1.577592200000000000e+07
1.393786200000000000e+07
1.432723600000000000e+07
1.386950100000000000e+07
1.452615600000000000e+07
1.518352700000000000e+07
1.623109400000000000e+07
1.433412700000000000e+07
1.512132700000000000e+07
1.426859200000000000e+07
1.413675100000000000e+07
1.623032900000000000e+07
1.400160600000000000e+07
1.387027400000000000e+07
1.374048000000000000e+07
1.603756100000000000e+07
1.439431400000000000e+07
1.623033100000000000e+07
1.426782100000000000e+07
1.610258900000000000e+07
1.551377400000000000e+07
1.393529800000000000e+07
1.603756300000000000e+07
1.479236200000000000e+07
1.459143600000000000e+07
1.459421600000000000e+07
1.472302100000000000e+07
1.466000800000000000e+07
1.399980100000000000e+07
1.616478800000000000e+07
1.511824700000000000e+07
1.544541600000000000e+07
1.433361300000000000e+07
1.623161400000000000e+07
1.446442700000000000e+07
1.616683600000000000e+07
1.623160600000000000e+07
1.407173100000000000e+07
1.406508100000000000e+07
1.584120200000000000e+07
1.610232500000000000e+07
1.433284300000000000e+07
1.386949500000000000e+07
1.485383700000000000e+07
1.413700800000000000e+07
1.584171800000000000e+07
1.623237800000000000e+07
1.373996700000000000e+07
1.387104400000000000e+07
1.512004200000000000e+07
1.623212500000000000e+07
1.426169900000000000e+07
1.465774100000000000e+07
1.400005300000000000e+07
1.426144100000000000e+07
1.380550600000000000e+07
1.623237900000000000e+07
1.419821700000000000e+07
1.406508400000000000e+07
1.590622500000000000e+07
1.590596800000000000e+07
1.610157000000000000e+07
1.399980400000000000e+07
1.577463700000000000e+07
1.387001700000000000e+07
1.590699800000000000e+07
1.393581200000000000e+07
1.551172100000000000e+07
1.577335500000000000e+07
1.571064200000000000e+07
1.466180400000000000e+07
1.610258300000000000e+07
1.610155400000000000e+07
1.571090000000000000e+07
1.445959400000000000e+07
1.466206100000000000e+07
1.373971000000000000e+07
1.394014800000000000e+07
1.525162800000000000e+07
1.525188500000000000e+07
1.524880700000000000e+07
1.584017400000000000e+07
1.623083800000000000e+07
1.623237700000000000e+07
1.419770400000000000e+07
1.393478300000000000e+07
1.518455200000000000e+07
1.406765600000000000e+07
1.432980300000000000e+07
1.374252200000000000e+07
1.603756400000000000e+07
1.406534400000000000e+07
1.570679400000000000e+07
1.400030700000000000e+07
1.446010700000000000e+07
1.413036200000000000e+07
1.439277300000000000e+07
1.596843000000000000e+07
1.393452300000000000e+07
1.459271700000000000e+07
1.393452200000000000e+07
1.387053100000000000e+07
1.413649400000000000e+07
1.400083600000000000e+07
1.413036300000000000e+07
1.432903400000000000e+07
1.623238000000000000e+07
1.603756000000000000e+07
1.393683800000000000e+07
1.551403100000000000e+07
1.400391100000000000e+07
1.387435700000000000e+07
1.596996600000000000e+07
1.492189500000000000e+07
1.623211900000000000e+07
1.623187000000000000e+07
1.603603600000000000e+07
1.380856700000000000e+07
1.446087600000000000e+07
1.478830100000000000e+07
1.551454600000000000e+07
1.399980000000000000e+07
1.577643800000000000e+07
1.374252100000000000e+07
1.597202000000000000e+07
1.465671600000000000e+07
1.603730100000000000e+07
1.419898600000000000e+07
1.413319300000000000e+07
1.616760700000000000e+07
1.439940500000000000e+07
1.459549800000000000e+07
1.406560200000000000e+07
1.400211900000000000e+07
1.452538700000000000e+07
1.400057900000000000e+07
1.609950500000000000e+07
1.413088200000000000e+07
1.374022400000000000e+07
1.623186200000000000e+07
1.413036100000000000e+07
1.393452100000000000e+07
1.459246100000000000e+07
1.413062400000000000e+07
1.380678700000000000e+07
1.380447800000000000e+07
1.393504100000000000e+07
1.400593900000000000e+07
1.492497600000000000e+07
1.558008300000000000e+07
1.505296700000000000e+07
1.413036400000000000e+07
1.590468500000000000e+07
1.498820000000000000e+07
1.570653800000000000e+07
1.472811100000000000e+07
1.406508500000000000e+07
1.420305700000000000e+07
1.407121600000000000e+07
1.393452400000000000e+07
1.400109300000000000e+07
1.439610800000000000e+07
1.499051200000000000e+07
1.400006400000000000e+07
1.432852100000000000e+07
1.518686300000000000e+07
1.453124700000000000e+07
1.590648200000000000e+07
1.466231800000000000e+07
1.386950200000000000e+07
1.439482700000000000e+07
1.399980500000000000e+07
1.544567200000000000e+07
1.380601900000000000e+07
1.603601600000000000e+07
1.380421800000000000e+07
1.413726500000000000e+07
1.590571100000000000e+07
1.597227800000000000e+07
1.485635900000000000e+07
1.433438400000000000e+07
1.386976000000000000e+07
1.616504300000000000e+07
1.603524700000000000e+07
1.551249000000000000e+07
1.453021900000000000e+07
1.525137100000000000e+07
1.387181300000000000e+07
1.439380100000000000e+07
1.380447000000000000e+07
1.544926700000000000e+07
1.603422300000000000e+07
1.387206900000000000e+07
1.518378300000000000e+07
1.426529100000000000e+07
1.610259000000000000e+07
1.433335600000000000e+07
1.419693400000000000e+07
1.407095900000000000e+07
1.524906300000000000e+07
1.472682600000000000e+07
1.380421900000000000e+07
1.426503500000000000e+07
1.380499300000000000e+07
1.419616200000000000e+07
1.603705700000000000e+07
1.380421700000000000e+07
1.393477300000000000e+07
1.419667700000000000e+07
1.373945300000000000e+07
1.616734900000000000e+07
1.518557800000000000e+07
1.393452000000000000e+07
1.498871300000000000e+07
1.439585200000000000e+07
1.557982500000000000e+07
1.525265700000000000e+07
1.452487400000000000e+07
1.465748500000000000e+07
1.439991900000000000e+07
1.380755400000000000e+07
1.505373600000000000e+07
1.616710400000000000e+07
1.603755900000000000e+07
1.623238100000000000e+07
1.386949400000000000e+07
1.387155700000000000e+07
1.472503100000000000e+07
1.407147300000000000e+07
1.557777000000000000e+07
1.623134900000000000e+07
1.380473600000000000e+07
1.492420400000000000e+07
1.393606900000000000e+07
1.426221400000000000e+07
1.623212600000000000e+07
1.616709200000000000e+07
1.571012700000000000e+07
1.406688700000000000e+07
1.439914800000000000e+07
1.472276500000000000e+07
1.387232500000000000e+07
1.426324100000000000e+07
1.380704300000000000e+07
1.399979900000000000e+07
1.623032700000000000e+07
1.367570800000000000e+07
1.485764100000000000e+07
1.610258200000000000e+07
1.413165400000000000e+07
1.511850300000000000e+07
1.393837400000000000e+07
1.413036500000000000e+07
1.623109300000000000e+07
1.400032200000000000e+07
1.465923900000000000e+07
1.531408700000000000e+07
1.498974000000000000e+07
1.505424900000000000e+07
1.406507900000000000e+07
1.564536200000000000e+07
1.459220500000000000e+07
1.603704300000000000e+07
1.551428800000000000e+07
1.597022200000000000e+07
1.577617900000000000e+07
1.413242400000000000e+07
1.426477900000000000e+07
1.623160500000000000e+07
1.386974800000000000e+07
1.426375400000000000e+07
1.623263400000000000e+07
1.393658200000000000e+07
1.380422000000000000e+07
1.603652900000000000e+07
1.485866800000000000e+07
1.623211800000000000e+07
1.492446100000000000e+07
1.564562000000000000e+07
1.616786600000000000e+07
1.380421600000000000e+07
1.380525000000000000e+07
1.387078800000000000e+07
1.544823700000000000e+07
1.584145900000000000e+07
1.426247100000000000e+07
1.623237500000000000e+07
1.623263500000000000e+07
1.406740000000000000e+07
1.610206700000000000e+07
1.584171700000000000e+07
1.419719100000000000e+07
1.374073700000000000e+07
1.452590000000000000e+07
1.393452500000000000e+07
1.571038400000000000e+07
1.610284200000000000e+07
1.603550300000000000e+07
1.616786500000000000e+07
1.479082300000000000e+07
1.419873000000000000e+07
1.426195700000000000e+07
1.577566400000000000e+07
1.459652500000000000e+07
1.393502700000000000e+07
1.498999700000000000e+07
1.393989000000000000e+07
1.380856600000000000e+07
1.406508600000000000e+07
1.610233600000000000e+07
1.386924200000000000e+07
1.432697900000000000e+07
1.485892500000000000e+07
1.616760600000000000e+07
1.610284100000000000e+07
1.459447200000000000e+07
1.590699700000000000e+07
1.531742100000000000e+07
1.551044000000000000e+07
1.386924300000000000e+07
1.492394700000000000e+07
1.564484700000000000e+07
1.459626800000000000e+07
1.446519700000000000e+07
1.413114000000000000e+07
1.577515000000000000e+07
1.603396700000000000e+07
1.394040500000000000e+07
1.610232400000000000e+07
1.564151300000000000e+07
1.399980600000000000e+07
1.439559600000000000e+07
1.367596400000000000e+07
1.531716400000000000e+07
1.367545300000000000e+07
1.400186300000000000e+07
1.511927200000000000e+07
1.439251600000000000e+07
1.432954700000000000e+07
1.544798000000000000e+07
1.512158400000000000e+07
1.400135000000000000e+07
1.498948300000000000e+07
1.583991700000000000e+07
1.374048100000000000e+07
1.393478400000000000e+07
1.551197700000000000e+07
1.551069600000000000e+07
1.610284300000000000e+07
1.623263600000000000e+07
1.386924100000000000e+07
1.485841100000000000e+07
1.479210500000000000e+07
1.387130100000000000e+07
1.452718100000000000e+07
1.446062000000000000e+07
1.393451900000000000e+07
1.564125700000000000e+07
1.597176200000000000e+07
1.413293700000000000e+07
1.439837800000000000e+07
1.577643700000000000e+07
1.380447900000000000e+07
1.544849400000000000e+07
1.373945400000000000e+07
1.419642000000000000e+07
1.387258100000000000e+07
1.597124800000000000e+07
1.498768700000000000e+07
1.505553300000000000e+07
1.406611700000000000e+07
1.544592800000000000e+07
1.459118000000000000e+07
1.623187100000000000e+07
1.387461400000000000e+07
1.616786800000000000e+07
1.386950300000000000e+07
1.446417000000000000e+07
1.446545400000000000e+07
1.590494100000000000e+07
1.616581000000000000e+07
1.420177200000000000e+07
1.616478700000000000e+07
1.505501900000000000e+07
1.524931900000000000e+07
1.564433300000000000e+07
1.386924400000000000e+07
1.426144200000000000e+07
1.518403900000000000e+07
1.432749400000000000e+07
1.406534500000000000e+07
1.623263200000000000e+07
1.394014700000000000e+07
1.432775100000000000e+07
1.590545400000000000e+07
1.584094400000000000e+07
1.479313200000000000e+07
1.387435600000000000e+07
1.610284400000000000e+07
1.400568100000000000e+07
1.380422100000000000e+07
1.406842500000000000e+07
1.446494000000000000e+07
1.419796100000000000e+07
1.426452300000000000e+07
1.387001800000000000e+07
1.616555400000000000e+07
1.610284000000000000e+07
1.571089900000000000e+07
1.373919600000000000e+07
1.400288800000000000e+07
1.400314400000000000e+07
1.380421500000000000e+07
1.406586000000000000e+07
1.616606600000000000e+07
1.407173000000000000e+07
1.367621900000000000e+07
1.459678200000000000e+07
1.413191100000000000e+07
1.603755800000000000e+07
1.452692500000000000e+07
1.466129000000000000e+07
1.505322300000000000e+07
1.610052800000000000e+07
1.623238200000000000e+07
1.577592100000000000e+07
1.393529900000000000e+07
1.400542400000000000e+07
1.551095200000000000e+07
1.531819300000000000e+07
1.603730000000000000e+07
1.406868100000000000e+07
1.413036600000000000e+07
1.512081200000000000e+07
1.426272800000000000e+07
1.367596500000000000e+07
1.446365700000000000e+07
1.531767800000000000e+07
1.393555600000000000e+07
1.492471800000000000e+07
1.597227700000000000e+07
1.387027500000000000e+07
1.452944900000000000e+07
1.380446900000000000e+07
1.386924000000000000e+07
1.399979800000000000e+07
1.531459900000000000e+07
1.406637400000000000e+07
1.459601100000000000e+07
1.413062500000000000e+07
1.499025400000000000e+07
1.465722900000000000e+07
1.610259100000000000e+07
1.492014200000000000e+07
1.531690700000000000e+07
1.393452600000000000e+07
1.564510400000000000e+07
1.597253700000000000e+07
1.485661500000000000e+07
1.374277700000000000e+07
1.433258600000000000e+07
1.623032600000000000e+07
1.367622000000000000e+07
1.406816900000000000e+07
1.459194900000000000e+07
1.400263200000000000e+07
1.374022500000000000e+07
1.623263700000000000e+07
1.386976100000000000e+07
1.557931000000000000e+07
1.439457100000000000e+07
1.590391600000000000e+07
1.400340000000000000e+07
1.386949300000000000e+07
1.400006500000000000e+07
1.439405800000000000e+07
1.445985100000000000e+07
1.426170000000000000e+07
1.544875100000000000e+07
1.570884300000000000e+07
1.584120100000000000e+07
1.557905300000000000e+07
1.512106900000000000e+07
1.485918200000000000e+07
1.518480800000000000e+07
1.512055500000000000e+07
1.420279900000000000e+07
1.492369000000000000e+07
1.432877800000000000e+07
1.616632200000000000e+07
1.623212700000000000e+07
1.472528700000000000e+07
1.603575900000000000e+07
1.426833400000000000e+07
1.623058100000000000e+07
1.393632600000000000e+07
1.498922600000000000e+07
1.610258100000000000e+07
1.406893700000000000e+07
1.393504200000000000e+07
1.571064100000000000e+07
1.419744800000000000e+07
1.597253600000000000e+07
1.584043000000000000e+07
1.616736000000000000e+07
1.367571000000000000e+07
1.590340400000000000e+07
1.420254200000000000e+07
1.432723700000000000e+07
1.597047800000000000e+07
1.505579000000000000e+07
1.386924500000000000e+07
1.387283700000000000e+07
1.616786300000000000e+07
1.616734800000000000e+07
1.393477200000000000e+07
1.610284500000000000e+07
1.610157100000000000e+07
1.609976000000000000e+07
1.623211700000000000e+07
1.511875900000000000e+07
1.583837900000000000e+07
1.413088300000000000e+07
1.623263100000000000e+07
1.373919700000000000e+07
1.399980700000000000e+07
1.439534000000000000e+07
1.400593800000000000e+07
1.485815400000000000e+07
1.419847400000000000e+07
1.616761500000000000e+07
1.472656900000000000e+07
1.393760700000000000e+07
1.557956700000000000e+07
1.406508700000000000e+07
1.406560300000000000e+07
1.505476200000000000e+07
1.452666900000000000e+07
1.413396200000000000e+07
1.393735100000000000e+07
1.373971200000000000e+07
1.590622400000000000e+07
1.597099100000000000e+07
1.472250900000000000e+07
1.387104500000000000e+07
1.571115700000000000e+07
1.380856500000000000e+07
1.564407600000000000e+07
1.616760500000000000e+07
1.583786700000000000e+07
1.610283900000000000e+07
1.426730700000000000e+07
1.380653200000000000e+07
1.623289000000000000e+07
1.596894100000000000e+07
1.413700700000000000e+07
1.426807700000000000e+07
1.551120800000000000e+07
1.373945500000000000e+07
1.380627600000000000e+07
1.393581300000000000e+07
1.413421800000000000e+07
1.551480300000000000e+07
1.380473700000000000e+07
1.537962300000000000e+07
1.518634800000000000e+07
1.629689000000000000e+07
1.623289100000000000e+07
1.380422200000000000e+07
1.380882300000000000e+07
1.446468300000000000e+07
1.603781800000000000e+07
1.479107900000000000e+07
1.558008200000000000e+07
1.400237600000000000e+07
1.406714400000000000e+07
1.426426700000000000e+07
1.491988600000000000e+07
1.380499400000000000e+07
1.386923900000000000e+07
1.367647500000000000e+07
1.452513100000000000e+07
1.544926600000000000e+07
1.433412600000000000e+07
1.393786300000000000e+07
1.374176100000000000e+07
1.479364600000000000e+07
1.590596700000000000e+07
1.406791300000000000e+07
1.616659400000000000e+07
1.433057200000000000e+07
1.433082800000000000e+07
1.380421400000000000e+07
1.433386900000000000e+07
1.394040400000000000e+07
1.400365600000000000e+07
1.413370600000000000e+07
1.603781700000000000e+07
1.584171600000000000e+07
1.590648100000000000e+07
1.629663400000000000e+07
1.629688900000000000e+07
1.419616300000000000e+07
1.413675000000000000e+07
1.485435000000000000e+07
1.420228500000000000e+07
1.420305600000000000e+07
1.400058000000000000e+07
1.616504200000000000e+07
1.524957500000000000e+07
1.472785300000000000e+07
1.393709500000000000e+07
1.623161600000000000e+07
1.380678800000000000e+07
1.629714600000000000e+07
1.426349800000000000e+07
1.400160700000000000e+07
1.603781900000000000e+07
1.413447400000000000e+07
1.413726400000000000e+07
1.512132600000000000e+07
1.400083700000000000e+07
1.596970900000000000e+07
1.380448000000000000e+07
1.419590500000000000e+07
1.597253500000000000e+07
1.629663300000000000e+07
1.387461300000000000e+07
1.492292000000000000e+07
1.531793500000000000e+07
1.518609100000000000e+07
1.479261800000000000e+07
1.432929100000000000e+07
1.374073800000000000e+07
1.406663100000000000e+07
1.472733900000000000e+07
1.538295700000000000e+07
1.498845600000000000e+07
1.386950400000000000e+07
1.538270000000000000e+07
1.557802600000000000e+07
1.531485500000000000e+07
1.623289200000000000e+07
1.393452700000000000e+07
1.629714700000000000e+07
1.373996900000000000e+07
1.537987900000000000e+07
1.459472800000000000e+07
1.512029800000000000e+07
1.433031600000000000e+07
1.564561900000000000e+07
1.446036400000000000e+07
1.596868500000000000e+07
1.452564400000000000e+07
1.472379000000000000e+07
1.629714500000000000e+07
1.609950400000000000e+07
1.577643600000000000e+07
1.610233700000000000e+07
1.380396200000000000e+07
1.583966000000000000e+07
1.413268100000000000e+07
1.603755700000000000e+07
1.393478500000000000e+07
1.623288800000000000e+07
1.603678500000000000e+07
1.603704200000000000e+07
1.413036700000000000e+07
1.518429500000000000e+07
1.623238300000000000e+07
1.623263800000000000e+07
1.590442800000000000e+07
1.399954700000000000e+07
1.584145800000000000e+07
1.386924600000000000e+07
1.380396100000000000e+07
1.610232300000000000e+07
1.399954600000000000e+07
1.603781600000000000e+07
1.505399200000000000e+07
1.577617800000000000e+07
1.380396300000000000e+07
1.492497500000000000e+07
1.610206600000000000e+07
1.459575400000000000e+07
1.413216800000000000e+07
1.459169300000000000e+07
1.374048200000000000e+07
1.400032300000000000e+07
1.446164500000000000e+07
1.610284600000000000e+07
1.623263000000000000e+07
1.629688800000000000e+07
1.590519700000000000e+07
1.616786200000000000e+07
1.433438300000000000e+07
1.603473400000000000e+07
1.407121500000000000e+07
1.498794300000000000e+07
1.577233000000000000e+07
1.629663200000000000e+07
1.407147200000000000e+07
1.583889100000000000e+07
1.393811900000000000e+07
1.492240700000000000e+07
1.393426600000000000e+07
1.629740200000000000e+07
1.400109400000000000e+07
1.393683900000000000e+07
1.393426700000000000e+07
1.584017300000000000e+07
1.564536100000000000e+07
1.472353400000000000e+07
1.426782000000000000e+07
1.557982400000000000e+07
1.373893900000000000e+07
1.603601500000000000e+07
1.433361200000000000e+07
1.413345000000000000e+07
1.465697300000000000e+07
1.367571100000000000e+07
1.616812200000000000e+07
1.399954500000000000e+07
1.629714400000000000e+07
1.629637900000000000e+07
1.452641300000000000e+07
1.610283800000000000e+07
1.564330600000000000e+07
1.629740300000000000e+07
1.603447800000000000e+07
1.616812100000000000e+07
1.505604700000000000e+07
1.387435500000000000e+07
1.596996500000000000e+07
1.453124600000000000e+07
1.597227600000000000e+07
1.446138900000000000e+07
1.413649300000000000e+07
1.400619500000000000e+07
1.406482600000000000e+07
1.557597600000000000e+07
1.551146400000000000e+07
1.380396400000000000e+07
1.538321400000000000e+07
1.505347900000000000e+07
1.590725400000000000e+07
1.399954800000000000e+07
1.387181400000000000e+07
1.629740100000000000e+07
1.439966100000000000e+07
1.387207000000000000e+07
1.380396000000000000e+07
1.419975500000000000e+07
1.616812300000000000e+07
1.400212000000000000e+07
1.466206000000000000e+07
1.406482700000000000e+07
1.419949900000000000e+07
1.538013500000000000e+07
1.492343300000000000e+07
1.413139800000000000e+07
1.616685000000000000e+07
1.518686200000000000e+07
1.380882200000000000e+07
1.393607000000000000e+07
1.419667800000000000e+07
1.623289300000000000e+07
1.590571000000000000e+07
1.406534600000000000e+07
1.472554300000000000e+07
1.406765700000000000e+07
1.433006000000000000e+07
1.557853900000000000e+07
1.557623200000000000e+07
1.439508400000000000e+07
1.394014600000000000e+07
1.399980800000000000e+07
1.525188400000000000e+07
1.584197400000000000e+07
1.407095800000000000e+07
1.373894000000000000e+07
1.380422300000000000e+07
1.603652800000000000e+07
1.393426500000000000e+07
1.453047500000000000e+07
1.386923800000000000e+07
1.485687100000000000e+07
1.623288700000000000e+07
1.387078900000000000e+07
1.426144300000000000e+07
1.413752100000000000e+07
1.472708200000000000e+07
1.386949200000000000e+07
1.406508800000000000e+07
1.413114100000000000e+07
1.557751300000000000e+07
1.393426800000000000e+07
1.597176100000000000e+07
1.610182700000000000e+07
1.603524600000000000e+07
1.485409400000000000e+07
1.518583400000000000e+07
1.485789700000000000e+07
1.387001900000000000e+07
1.466231700000000000e+07
1.616812000000000000e+07
1.623058000000000000e+07
1.603781500000000000e+07
1.420202800000000000e+07
1.446391300000000000e+07
1.406482800000000000e+07
1.629740400000000000e+07
1.387232600000000000e+07
1.597253400000000000e+07
1.419770500000000000e+07
1.616580900000000000e+07
1.419693500000000000e+07
1.413062600000000000e+07
1.571089800000000000e+07
1.616812400000000000e+07
1.465825400000000000e+07
1.373945600000000000e+07
1.439940400000000000e+07
1.623211600000000000e+07
1.466180300000000000e+07
1.629740000000000000e+07
1.386976200000000000e+07
1.525214100000000000e+07
1.419924300000000000e+07
1.426401100000000000e+07
1.433284200000000000e+07
1.525162700000000000e+07
1.419821800000000000e+07
1.407172900000000000e+07
1.610309800000000000e+07
1.399954400000000000e+07
1.399954900000000000e+07
1.616760400000000000e+07
1.590468400000000000e+07
1.571115600000000000e+07
1.512158300000000000e+07
1.629688700000000000e+07
1.400006600000000000e+07
1.616555300000000000e+07
1.629663100000000000e+07
1.610309700000000000e+07
1.551428700000000000e+07
1.472327800000000000e+07
1.419642100000000000e+07
1.557648800000000000e+07
1.511901500000000000e+07
1.616606500000000000e+07
1.452970500000000000e+07
1.439431500000000000e+07
1.380396500000000000e+07
1.446442600000000000e+07
1.616736100000000000e+07
1.413165500000000000e+07
1.492163800000000000e+07
1.386898600000000000e+07
1.426221500000000000e+07
1.629714300000000000e+07
1.498717400000000000e+07
1.393658300000000000e+07
1.629765900000000000e+07
1.577566300000000000e+07
1.386924700000000000e+07
1.610309900000000000e+07
1.426195800000000000e+07
1.386898700000000000e+07
1.623314600000000000e+07
1.446113300000000000e+07
1.380395900000000000e+07
1.393530000000000000e+07
1.479236100000000000e+07
1.571012600000000000e+07
1.400568000000000000e+07
1.387461200000000000e+07
1.373894100000000000e+07
1.465799800000000000e+07
1.393452800000000000e+07
1.393426400000000000e+07
1.478855800000000000e+07
1.571038300000000000e+07
1.623263900000000000e+07
1.623314500000000000e+07
1.623314700000000000e+07
1.479133500000000000e+07
1.413319400000000000e+07
1.393426900000000000e+07
1.603550200000000000e+07
1.544515900000000000e+07
1.597124700000000000e+07
1.373919900000000000e+07
1.570858600000000000e+07
1.406586100000000000e+07
1.597022100000000000e+07
1.406482900000000000e+07
1.597201800000000000e+07
1.393504300000000000e+07
1.380473800000000000e+07
1.577592000000000000e+07
1.413036800000000000e+07
1.380448100000000000e+07
1.570679300000000000e+07
1.616632100000000000e+07
1.386898500000000000e+07
1.394040300000000000e+07
1.445959500000000000e+07
1.406611800000000000e+07
1.406688800000000000e+07
1.387130200000000000e+07
1.610310000000000000e+07
1.616811900000000000e+07
1.485610200000000000e+07
1.610284700000000000e+07
1.432903500000000000e+07
1.616786100000000000e+07
1.616529700000000000e+07
1.386950500000000000e+07
1.610309600000000000e+07
1.419898700000000000e+07
1.616787100000000000e+07
1.400135100000000000e+07
1.400593700000000000e+07
1.393555700000000000e+07
1.610027100000000000e+07
1.505271000000000000e+07
1.584171500000000000e+07
1.386898800000000000e+07
1.413088400000000000e+07
1.538039100000000000e+07
1.623289400000000000e+07
1.629766000000000000e+07
1.466257400000000000e+07
1.570756100000000000e+07
1.459143700000000000e+07
1.433335500000000000e+07
1.426247200000000000e+07
1.419590600000000000e+07
1.623288600000000000e+07
1.452615700000000000e+07
1.610052700000000000e+07
1.623314800000000000e+07
1.432980400000000000e+07
1.419719200000000000e+07
1.399955000000000000e+07
1.406560400000000000e+07
1.584120000000000000e+07
1.426756300000000000e+07
1.623237200000000000e+07
1.616710600000000000e+07
1.544541500000000000e+07
1.610001500000000000e+07
1.603781400000000000e+07
1.446010800000000000e+07
1.557674400000000000e+07
1.492446000000000000e+07
1.584068600000000000e+07
1.610283700000000000e+07
1.367571200000000000e+07
1.400186400000000000e+07
1.498999600000000000e+07
1.426170100000000000e+07
1.525137000000000000e+07
1.590699500000000000e+07
1.446545300000000000e+07
1.380499500000000000e+07
1.603627100000000000e+07
1.544849300000000000e+07
1.453021800000000000e+07
1.590725300000000000e+07
1.577643500000000000e+07
1.571064000000000000e+07
1.406740100000000000e+07
1.380882100000000000e+07
1.558033900000000000e+07
1.439914700000000000e+07
1.584197300000000000e+07
1.393478600000000000e+07
1.459498400000000000e+07
1.446519600000000000e+07
1.413242500000000000e+07
1.583991600000000000e+07
1.380422400000000000e+07
1.518455100000000000e+07
1.492420300000000000e+07
1.531742000000000000e+07
1.577361000000000000e+07
1.518711900000000000e+07
1.610155200000000000e+07
1.465774200000000000e+07
1.616657700000000000e+07
1.623083500000000000e+07
1.629688600000000000e+07
1.629663000000000000e+07
1.472302200000000000e+07
1.459271800000000000e+07
1.590545300000000000e+07
1.380396600000000000e+07
1.610310100000000000e+07
1.558008100000000000e+07
1.374073900000000000e+07
1.564510300000000000e+07
1.386898400000000000e+07
1.623185900000000000e+07
1.498973900000000000e+07
1.393427000000000000e+07
1.479056600000000000e+07
1.485892400000000000e+07
1.419616400000000000e+07
1.629611900000000000e+07
1.511824600000000000e+07
1.485866700000000000e+07
1.406637500000000000e+07
1.386898900000000000e+07
1.380627700000000000e+07
1.420279800000000000e+07
1.531767700000000000e+07
1.380653300000000000e+07
1.603575800000000000e+07
1.459678100000000000e+07
1.505553200000000000e+07
1.406483000000000000e+07
1.629714200000000000e+07
1.564561800000000000e+07
1.387283800000000000e+07
1.446087700000000000e+07
1.373894200000000000e+07
1.629791500000000000e+07
1.590494000000000000e+07
1.472579900000000000e+07
1.499025300000000000e+07
1.597253300000000000e+07
1.426529200000000000e+07
1.439610900000000000e+07
1.492471700000000000e+07
1.492189400000000000e+07
1.531716300000000000e+07
1.610309500000000000e+07
1.393632700000000000e+07
1.551454400000000000e+07
1.380395800000000000e+07
1.557828200000000000e+07
1.426503600000000000e+07
1.400288900000000000e+07
1.406508900000000000e+07
1.610259300000000000e+07
1.387104600000000000e+07
1.590622300000000000e+07
1.393581400000000000e+07
1.505527500000000000e+07
1.459626700000000000e+07
1.413191200000000000e+07
1.399980900000000000e+07
1.544875000000000000e+07
1.413726300000000000e+07
1.374048300000000000e+07
1.498819900000000000e+07
1.584145700000000000e+07
1.597227500000000000e+07
1.623314300000000000e+07
1.380755600000000000e+07
1.492266300000000000e+07
1.623314900000000000e+07
1.400314500000000000e+07
1.577617700000000000e+07
1.400058100000000000e+07
1.426833300000000000e+07
1.380678900000000000e+07
1.583940300000000000e+07
1.544567100000000000e+07
1.446571000000000000e+07
1.387435400000000000e+07
1.610208300000000000e+07
1.400619400000000000e+07
1.439585300000000000e+07
1.419873100000000000e+07
1.420305500000000000e+07
1.426859000000000000e+07
1.564356200000000000e+07
1.426375500000000000e+07
1.584042900000000000e+07
1.616811800000000000e+07
1.373868300000000000e+07
1.426478000000000000e+07
1.597047700000000000e+07
1.420254100000000000e+07
1.386924800000000000e+07
1.505296600000000000e+07
1.492394600000000000e+07
1.413700600000000000e+07
1.505578900000000000e+07
1.577669300000000000e+07
1.387486900000000000e+07
1.485918100000000000e+07
1.597099000000000000e+07
1.564587600000000000e+07
1.603678400000000000e+07
1.485635800000000000e+07
1.505373500000000000e+07
1.400032400000000000e+07
1.623212900000000000e+07
1.446493900000000000e+07
1.479338800000000000e+07
1.406842600000000000e+07
1.406534700000000000e+07
1.479313100000000000e+07
1.498948200000000000e+07
1.400083800000000000e+07
1.485712700000000000e+07
1.373920000000000000e+07
1.623057900000000000e+07
1.380370600000000000e+07
1.393735200000000000e+07
1.610103900000000000e+07
1.512106800000000000e+07
1.485841000000000000e+07
1.373868000000000000e+07
1.512081100000000000e+07
1.623211500000000000e+07
1.557700000000000000e+07
1.623288500000000000e+07
1.406868200000000000e+07
1.393760800000000000e+07
1.616760300000000000e+07
1.571115500000000000e+07
1.590596600000000000e+07
1.400340100000000000e+07
1.419796200000000000e+07
1.518378200000000000e+07
1.623289500000000000e+07
1.394014500000000000e+07
1.616761700000000000e+07
1.505501800000000000e+07
1.512184000000000000e+07
1.399955100000000000e+07
1.386898300000000000e+07
1.616683300000000000e+07
1.531793400000000000e+07
1.564536000000000000e+07
1.413062700000000000e+07
1.380370500000000000e+07
1.387461100000000000e+07
1.380370700000000000e+07
1.393709600000000000e+07
1.386899000000000000e+07
1.413036900000000000e+07
1.413752000000000000e+07
1.465748600000000000e+07
1.525265500000000000e+07
1.373971400000000000e+07
1.433412500000000000e+07
1.439837700000000000e+07
1.393452900000000000e+07
1.406817000000000000e+07
1.386976300000000000e+07
1.407147100000000000e+07
1.413674900000000000e+07
1.380704500000000000e+07
1.432954800000000000e+07
1.616837700000000000e+07
1.374022700000000000e+07
1.603807300000000000e+07
1.419744900000000000e+07
1.616787200000000000e+07
1.446416900000000000e+07
1.590365900000000000e+07
1.426884700000000000e+07
1.596919600000000000e+07
1.387002000000000000e+07
1.380396700000000000e+07
1.380576500000000000e+07
1.590391500000000000e+07
1.459703800000000000e+07
1.426144400000000000e+07
1.629611800000000000e+07
1.564151200000000000e+07
1.426807600000000000e+07
1.374303000000000000e+07
1.603781300000000000e+07
1.511850200000000000e+07
1.380907800000000000e+07
1.393427100000000000e+07
1.596945200000000000e+07
1.452590100000000000e+07
1.439559700000000000e+07
1.479364500000000000e+07
1.400006700000000000e+07
1.400237700000000000e+07
1.459220600000000000e+07
1.564176800000000000e+07
1.406893800000000000e+07
1.564304900000000000e+07
1.544900700000000000e+07
1.610309400000000000e+07
1.511927100000000000e+07
1.570884200000000000e+07
1.616736200000000000e+07
1.433309800000000000e+07
1.512132500000000000e+07
1.459601000000000000e+07
1.571089700000000000e+07
1.492497400000000000e+07
1.407172800000000000e+07
1.597176000000000000e+07
1.380448200000000000e+07
1.380370800000000000e+07
1.512055400000000000e+07
1.623314200000000000e+07
1.407121400000000000e+07
1.551069500000000000e+07
1.479082200000000000e+07
1.479287400000000000e+07
1.380882000000000000e+07
1.499051000000000000e+07
1.367545700000000000e+07
1.629662900000000000e+07
1.557982300000000000e+07
1.623340100000000000e+07
1.373894300000000000e+07
1.433386800000000000e+07
1.400160800000000000e+07
1.479210400000000000e+07
1.479159100000000000e+07
1.629791100000000000e+07
1.420228400000000000e+07
1.616838000000000000e+07
1.616580800000000000e+07
1.394040200000000000e+07
1.603601400000000000e+07
1.616837600000000000e+07
1.380473900000000000e+07
1.584197200000000000e+07
1.406714500000000000e+07
1.386950600000000000e+07
1.610180800000000000e+07
1.406483100000000000e+07
1.538295600000000000e+07
1.380370400000000000e+07
1.433438200000000000e+07
1.373867900000000000e+07
1.367571300000000000e+07
1.373868500000000000e+07
1.596970800000000000e+07
1.623238500000000000e+07
1.406663200000000000e+07
1.446062100000000000e+07
1.472759500000000000e+07
1.603807200000000000e+07
1.452718200000000000e+07
1.518634700000000000e+07
1.367391800000000000e+07
1.387079000000000000e+07
1.518660400000000000e+07
1.485943800000000000e+07
1.590725200000000000e+07
1.616606400000000000e+07
1.597150300000000000e+07
1.603652700000000000e+07
1.505604600000000000e+07
1.629817100000000000e+07
1.564202400000000000e+07
1.393684000000000000e+07
1.623237100000000000e+07
1.623134600000000000e+07
1.380422500000000000e+07
1.616555200000000000e+07
1.584171400000000000e+07
1.400109500000000000e+07
1.453098800000000000e+07
1.413396300000000000e+07
1.610129500000000000e+07
1.623340000000000000e+07
1.452996100000000000e+07
1.406791400000000000e+07
1.387027700000000000e+07
1.629816900000000000e+07
1.380395700000000000e+07
1.538321300000000000e+07
1.387207100000000000e+07
1.393812000000000000e+07
1.623109000000000000e+07
1.419590700000000000e+07
1.583863400000000000e+07
1.623340400000000000e+07
1.413421900000000000e+07
1.387181500000000000e+07
1.623160200000000000e+07
1.603498900000000000e+07
1.419847500000000000e+07
1.518737600000000000e+07
1.380370900000000000e+07
1.551095100000000000e+07
1.393607100000000000e+07
1.393504400000000000e+07
1.498768600000000000e+07
1.393530100000000000e+07
1.616811700000000000e+07
1.361017300000000000e+07
1.590699400000000000e+07
1.492215000000000000e+07
1.616812700000000000e+07
1.413139900000000000e+07
1.419667900000000000e+07
1.439457200000000000e+07
1.386898200000000000e+07
1.590519600000000000e+07
1.393401000000000000e+07
1.393401100000000000e+07
1.590570900000000000e+07
1.518403800000000000e+07
1.413216900000000000e+07
1.387486800000000000e+07
1.453073100000000000e+07
1.610335400000000000e+07
1.419642200000000000e+07
1.387155900000000000e+07
1.616837500000000000e+07
1.387232700000000000e+07
1.505322200000000000e+07
1.577643400000000000e+07
1.518609000000000000e+07
1.386899100000000000e+07
1.577669200000000000e+07
1.629740700000000000e+07
1.518686100000000000e+07
1.400567900000000000e+07
1.472733800000000000e+07
1.413370700000000000e+07
1.518480700000000000e+07
1.380499600000000000e+07
1.558033800000000000e+07
1.629739700000000000e+07
1.439966000000000000e+07
1.393478700000000000e+07
1.400593600000000000e+07
1.610335300000000000e+07
1.596996400000000000e+07
1.623185800000000000e+07
1.531819100000000000e+07
1.406586200000000000e+07
1.380370300000000000e+07
